type        boundaryProbes;
libs        ("libsampling.so");

enabled     true;
writeControl writeTime;

fields      (wallShearStress);
patchName   lowerWall;

probeLocations
(
    (0 -0.0254 0)
    (0.00036295369 -0.0254 0)
    (0.00072590738 -0.0254 0)
    (0.0010888611 -0.0254 0)
    (0.0014518148 -0.0254 0)
    (0.0018147685 -0.0254 0)
    (0.0021777222 -0.0254 0)
    (0.0025406758 -0.0254 0)
    (0.0029036295 -0.0254 0)
    (0.0032665832 -0.0254 0)
    (0.0036295369 -0.0254 0)
    (0.0039924906 -0.0254 0)
    (0.0043554443 -0.0254 0)
    (0.004718398 -0.0254 0)
    (0.0050813517 -0.0254 0)
    (0.0054443054 -0.0254 0)
    (0.0058072591 -0.0254 0)
    (0.0061702128 -0.0254 0)
    (0.0065331665 -0.0254 0)
    (0.0068961202 -0.0254 0)
    (0.0072590738 -0.0254 0)
    (0.0076220275 -0.0254 0)
    (0.0079849812 -0.0254 0)
    (0.0083479349 -0.0254 0)
    (0.0087108886 -0.0254 0)
    (0.0090738423 -0.0254 0)
    (0.009436796 -0.0254 0)
    (0.0097997497 -0.0254 0)
    (0.010162703 -0.0254 0)
    (0.010525657 -0.0254 0)
    (0.010888611 -0.0254 0)
    (0.011251564 -0.0254 0)
    (0.011614518 -0.0254 0)
    (0.011977472 -0.0254 0)
    (0.012340426 -0.0254 0)
    (0.012703379 -0.0254 0)
    (0.013066333 -0.0254 0)
    (0.013429287 -0.0254 0)
    (0.01379224 -0.0254 0)
    (0.014155194 -0.0254 0)
    (0.014518148 -0.0254 0)
    (0.014881101 -0.0254 0)
    (0.015244055 -0.0254 0)
    (0.015607009 -0.0254 0)
    (0.015969962 -0.0254 0)
    (0.016332916 -0.0254 0)
    (0.01669587 -0.0254 0)
    (0.017058824 -0.0254 0)
    (0.017421777 -0.0254 0)
    (0.017784731 -0.0254 0)
    (0.018147685 -0.0254 0)
    (0.018510638 -0.0254 0)
    (0.018873592 -0.0254 0)
    (0.019236546 -0.0254 0)
    (0.019599499 -0.0254 0)
    (0.019962453 -0.0254 0)
    (0.020325407 -0.0254 0)
    (0.02068836 -0.0254 0)
    (0.021051314 -0.0254 0)
    (0.021414268 -0.0254 0)
    (0.021777222 -0.0254 0)
    (0.022140175 -0.0254 0)
    (0.022503129 -0.0254 0)
    (0.022866083 -0.0254 0)
    (0.023229036 -0.0254 0)
    (0.02359199 -0.0254 0)
    (0.023954944 -0.0254 0)
    (0.024317897 -0.0254 0)
    (0.024680851 -0.0254 0)
    (0.025043805 -0.0254 0)
    (0.025406758 -0.0254 0)
    (0.025769712 -0.0254 0)
    (0.026132666 -0.0254 0)
    (0.02649562 -0.0254 0)
    (0.026858573 -0.0254 0)
    (0.027221527 -0.0254 0)
    (0.027584481 -0.0254 0)
    (0.027947434 -0.0254 0)
    (0.028310388 -0.0254 0)
    (0.028673342 -0.0254 0)
    (0.029036295 -0.0254 0)
    (0.029399249 -0.0254 0)
    (0.029762203 -0.0254 0)
    (0.030125156 -0.0254 0)
    (0.03048811 -0.0254 0)
    (0.030851064 -0.0254 0)
    (0.031214018 -0.0254 0)
    (0.031576971 -0.0254 0)
    (0.031939925 -0.0254 0)
    (0.032302879 -0.0254 0)
    (0.032665832 -0.0254 0)
    (0.033028786 -0.0254 0)
    (0.03339174 -0.0254 0)
    (0.033754693 -0.0254 0)
    (0.034117647 -0.0254 0)
    (0.034480601 -0.0254 0)
    (0.034843554 -0.0254 0)
    (0.035206508 -0.0254 0)
    (0.035569462 -0.0254 0)
    (0.035932416 -0.0254 0)
    (0.036295369 -0.0254 0)
    (0.036658323 -0.0254 0)
    (0.037021277 -0.0254 0)
    (0.03738423 -0.0254 0)
    (0.037747184 -0.0254 0)
    (0.038110138 -0.0254 0)
    (0.038473091 -0.0254 0)
    (0.038836045 -0.0254 0)
    (0.039198999 -0.0254 0)
    (0.039561952 -0.0254 0)
    (0.039924906 -0.0254 0)
    (0.04028786 -0.0254 0)
    (0.040650814 -0.0254 0)
    (0.041013767 -0.0254 0)
    (0.041376721 -0.0254 0)
    (0.041739675 -0.0254 0)
    (0.042102628 -0.0254 0)
    (0.042465582 -0.0254 0)
    (0.042828536 -0.0254 0)
    (0.043191489 -0.0254 0)
    (0.043554443 -0.0254 0)
    (0.043917397 -0.0254 0)
    (0.04428035 -0.0254 0)
    (0.044643304 -0.0254 0)
    (0.045006258 -0.0254 0)
    (0.045369212 -0.0254 0)
    (0.045732165 -0.0254 0)
    (0.046095119 -0.0254 0)
    (0.046458073 -0.0254 0)
    (0.046821026 -0.0254 0)
    (0.04718398 -0.0254 0)
    (0.047546934 -0.0254 0)
    (0.047909887 -0.0254 0)
    (0.048272841 -0.0254 0)
    (0.048635795 -0.0254 0)
    (0.048998748 -0.0254 0)
    (0.049361702 -0.0254 0)
    (0.049724656 -0.0254 0)
    (0.05008761 -0.0254 0)
    (0.050450563 -0.0254 0)
    (0.050813517 -0.0254 0)
    (0.051176471 -0.0254 0)
    (0.051539424 -0.0254 0)
    (0.051902378 -0.0254 0)
    (0.052265332 -0.0254 0)
    (0.052628285 -0.0254 0)
    (0.052991239 -0.0254 0)
    (0.053354193 -0.0254 0)
    (0.053717146 -0.0254 0)
    (0.0540801 -0.0254 0)
    (0.054443054 -0.0254 0)
    (0.054806008 -0.0254 0)
    (0.055168961 -0.0254 0)
    (0.055531915 -0.0254 0)
    (0.055894869 -0.0254 0)
    (0.056257822 -0.0254 0)
    (0.056620776 -0.0254 0)
    (0.05698373 -0.0254 0)
    (0.057346683 -0.0254 0)
    (0.057709637 -0.0254 0)
    (0.058072591 -0.0254 0)
    (0.058435544 -0.0254 0)
    (0.058798498 -0.0254 0)
    (0.059161452 -0.0254 0)
    (0.059524406 -0.0254 0)
    (0.059887359 -0.0254 0)
    (0.060250313 -0.0254 0)
    (0.060613267 -0.0254 0)
    (0.06097622 -0.0254 0)
    (0.061339174 -0.0254 0)
    (0.061702128 -0.0254 0)
    (0.062065081 -0.0254 0)
    (0.062428035 -0.0254 0)
    (0.062790989 -0.0254 0)
    (0.063153942 -0.0254 0)
    (0.063516896 -0.0254 0)
    (0.06387985 -0.0254 0)
    (0.064242804 -0.0254 0)
    (0.064605757 -0.0254 0)
    (0.064968711 -0.0254 0)
    (0.065331665 -0.0254 0)
    (0.065694618 -0.0254 0)
    (0.066057572 -0.0254 0)
    (0.066420526 -0.0254 0)
    (0.066783479 -0.0254 0)
    (0.067146433 -0.0254 0)
    (0.067509387 -0.0254 0)
    (0.06787234 -0.0254 0)
    (0.068235294 -0.0254 0)
    (0.068598248 -0.0254 0)
    (0.068961202 -0.0254 0)
    (0.069324155 -0.0254 0)
    (0.069687109 -0.0254 0)
    (0.070050063 -0.0254 0)
    (0.070413016 -0.0254 0)
    (0.07077597 -0.0254 0)
    (0.071138924 -0.0254 0)
    (0.071501877 -0.0254 0)
    (0.071864831 -0.0254 0)
    (0.072227785 -0.0254 0)
    (0.072590738 -0.0254 0)
    (0.072953692 -0.0254 0)
    (0.073316646 -0.0254 0)
    (0.073679599 -0.0254 0)
    (0.074042553 -0.0254 0)
    (0.074405507 -0.0254 0)
    (0.074768461 -0.0254 0)
    (0.075131414 -0.0254 0)
    (0.075494368 -0.0254 0)
    (0.075857322 -0.0254 0)
    (0.076220275 -0.0254 0)
    (0.076583229 -0.0254 0)
    (0.076946183 -0.0254 0)
    (0.077309136 -0.0254 0)
    (0.07767209 -0.0254 0)
    (0.078035044 -0.0254 0)
    (0.078397997 -0.0254 0)
    (0.078760951 -0.0254 0)
    (0.079123905 -0.0254 0)
    (0.079486859 -0.0254 0)
    (0.079849812 -0.0254 0)
    (0.080212766 -0.0254 0)
    (0.08057572 -0.0254 0)
    (0.080938673 -0.0254 0)
    (0.081301627 -0.0254 0)
    (0.081664581 -0.0254 0)
    (0.082027534 -0.0254 0)
    (0.082390488 -0.0254 0)
    (0.082753442 -0.0254 0)
    (0.083116395 -0.0254 0)
    (0.083479349 -0.0254 0)
    (0.083842303 -0.0254 0)
    (0.084205257 -0.0254 0)
    (0.08456821 -0.0254 0)
    (0.084931164 -0.0254 0)
    (0.085294118 -0.0254 0)
    (0.085657071 -0.0254 0)
    (0.086020025 -0.0254 0)
    (0.086382979 -0.0254 0)
    (0.086745932 -0.0254 0)
    (0.087108886 -0.0254 0)
    (0.08747184 -0.0254 0)
    (0.087834793 -0.0254 0)
    (0.088197747 -0.0254 0)
    (0.088560701 -0.0254 0)
    (0.088923655 -0.0254 0)
    (0.089286608 -0.0254 0)
    (0.089649562 -0.0254 0)
    (0.090012516 -0.0254 0)
    (0.090375469 -0.0254 0)
    (0.090738423 -0.0254 0)
    (0.091101377 -0.0254 0)
    (0.09146433 -0.0254 0)
    (0.091827284 -0.0254 0)
    (0.092190238 -0.0254 0)
    (0.092553191 -0.0254 0)
    (0.092916145 -0.0254 0)
    (0.093279099 -0.0254 0)
    (0.093642053 -0.0254 0)
    (0.094005006 -0.0254 0)
    (0.09436796 -0.0254 0)
    (0.094730914 -0.0254 0)
    (0.095093867 -0.0254 0)
    (0.095456821 -0.0254 0)
    (0.095819775 -0.0254 0)
    (0.096182728 -0.0254 0)
    (0.096545682 -0.0254 0)
    (0.096908636 -0.0254 0)
    (0.097271589 -0.0254 0)
    (0.097634543 -0.0254 0)
    (0.097997497 -0.0254 0)
    (0.098360451 -0.0254 0)
    (0.098723404 -0.0254 0)
    (0.099086358 -0.0254 0)
    (0.099449312 -0.0254 0)
    (0.099812265 -0.0254 0)
    (0.10017522 -0.0254 0)
    (0.10053817 -0.0254 0)
    (0.10090113 -0.0254 0)
    (0.10126408 -0.0254 0)
    (0.10162703 -0.0254 0)
    (0.10198999 -0.0254 0)
    (0.10235294 -0.0254 0)
    (0.10271589 -0.0254 0)
    (0.10307885 -0.0254 0)
    (0.1034418 -0.0254 0)
    (0.10380476 -0.0254 0)
    (0.10416771 -0.0254 0)
    (0.10453066 -0.0254 0)
    (0.10489362 -0.0254 0)
    (0.10525657 -0.0254 0)
    (0.10561952 -0.0254 0)
    (0.10598248 -0.0254 0)
    (0.10634543 -0.0254 0)
    (0.10670839 -0.0254 0)
    (0.10707134 -0.0254 0)
    (0.10743429 -0.0254 0)
    (0.10779725 -0.0254 0)
    (0.1081602 -0.0254 0)
    (0.10852315 -0.0254 0)
    (0.10888611 -0.0254 0)
    (0.10924906 -0.0254 0)
    (0.10961202 -0.0254 0)
    (0.10997497 -0.0254 0)
    (0.11033792 -0.0254 0)
    (0.11070088 -0.0254 0)
    (0.11106383 -0.0254 0)
    (0.11142678 -0.0254 0)
    (0.11178974 -0.0254 0)
    (0.11215269 -0.0254 0)
    (0.11251564 -0.0254 0)
    (0.1128786 -0.0254 0)
    (0.11324155 -0.0254 0)
    (0.11360451 -0.0254 0)
    (0.11396746 -0.0254 0)
    (0.11433041 -0.0254 0)
    (0.11469337 -0.0254 0)
    (0.11505632 -0.0254 0)
    (0.11541927 -0.0254 0)
    (0.11578223 -0.0254 0)
    (0.11614518 -0.0254 0)
    (0.11650814 -0.0254 0)
    (0.11687109 -0.0254 0)
    (0.11723404 -0.0254 0)
    (0.117597 -0.0254 0)
    (0.11795995 -0.0254 0)
    (0.1183229 -0.0254 0)
    (0.11868586 -0.0254 0)
    (0.11904881 -0.0254 0)
    (0.11941176 -0.0254 0)
    (0.11977472 -0.0254 0)
    (0.12013767 -0.0254 0)
    (0.12050063 -0.0254 0)
    (0.12086358 -0.0254 0)
    (0.12122653 -0.0254 0)
    (0.12158949 -0.0254 0)
    (0.12195244 -0.0254 0)
    (0.12231539 -0.0254 0)
    (0.12267835 -0.0254 0)
    (0.1230413 -0.0254 0)
    (0.12340426 -0.0254 0)
    (0.12376721 -0.0254 0)
    (0.12413016 -0.0254 0)
    (0.12449312 -0.0254 0)
    (0.12485607 -0.0254 0)
    (0.12521902 -0.0254 0)
    (0.12558198 -0.0254 0)
    (0.12594493 -0.0254 0)
    (0.12630788 -0.0254 0)
    (0.12667084 -0.0254 0)
    (0.12703379 -0.0254 0)
    (0.12739675 -0.0254 0)
    (0.1277597 -0.0254 0)
    (0.12812265 -0.0254 0)
    (0.12848561 -0.0254 0)
    (0.12884856 -0.0254 0)
    (0.12921151 -0.0254 0)
    (0.12957447 -0.0254 0)
    (0.12993742 -0.0254 0)
    (0.13030038 -0.0254 0)
    (0.13066333 -0.0254 0)
    (0.13102628 -0.0254 0)
    (0.13138924 -0.0254 0)
    (0.13175219 -0.0254 0)
    (0.13211514 -0.0254 0)
    (0.1324781 -0.0254 0)
    (0.13284105 -0.0254 0)
    (0.13320401 -0.0254 0)
    (0.13356696 -0.0254 0)
    (0.13392991 -0.0254 0)
    (0.13429287 -0.0254 0)
    (0.13465582 -0.0254 0)
    (0.13501877 -0.0254 0)
    (0.13538173 -0.0254 0)
    (0.13574468 -0.0254 0)
    (0.13610763 -0.0254 0)
    (0.13647059 -0.0254 0)
    (0.13683354 -0.0254 0)
    (0.1371965 -0.0254 0)
    (0.13755945 -0.0254 0)
    (0.1379224 -0.0254 0)
    (0.13828536 -0.0254 0)
    (0.13864831 -0.0254 0)
    (0.13901126 -0.0254 0)
    (0.13937422 -0.0254 0)
    (0.13973717 -0.0254 0)
    (0.14010013 -0.0254 0)
    (0.14046308 -0.0254 0)
    (0.14082603 -0.0254 0)
    (0.14118899 -0.0254 0)
    (0.14155194 -0.0254 0)
    (0.14191489 -0.0254 0)
    (0.14227785 -0.0254 0)
    (0.1426408 -0.0254 0)
    (0.14300375 -0.0254 0)
    (0.14336671 -0.0254 0)
    (0.14372966 -0.0254 0)
    (0.14409262 -0.0254 0)
    (0.14445557 -0.0254 0)
    (0.14481852 -0.0254 0)
    (0.14518148 -0.0254 0)
    (0.14554443 -0.0254 0)
    (0.14590738 -0.0254 0)
    (0.14627034 -0.0254 0)
    (0.14663329 -0.0254 0)
    (0.14699625 -0.0254 0)
    (0.1473592 -0.0254 0)
    (0.14772215 -0.0254 0)
    (0.14808511 -0.0254 0)
    (0.14844806 -0.0254 0)
    (0.14881101 -0.0254 0)
    (0.14917397 -0.0254 0)
    (0.14953692 -0.0254 0)
    (0.14989987 -0.0254 0)
    (0.15026283 -0.0254 0)
    (0.15062578 -0.0254 0)
    (0.15098874 -0.0254 0)
    (0.15135169 -0.0254 0)
    (0.15171464 -0.0254 0)
    (0.1520776 -0.0254 0)
    (0.15244055 -0.0254 0)
    (0.1528035 -0.0254 0)
    (0.15316646 -0.0254 0)
    (0.15352941 -0.0254 0)
    (0.15389237 -0.0254 0)
    (0.15425532 -0.0254 0)
    (0.15461827 -0.0254 0)
    (0.15498123 -0.0254 0)
    (0.15534418 -0.0254 0)
    (0.15570713 -0.0254 0)
    (0.15607009 -0.0254 0)
    (0.15643304 -0.0254 0)
    (0.15679599 -0.0254 0)
    (0.15715895 -0.0254 0)
    (0.1575219 -0.0254 0)
    (0.15788486 -0.0254 0)
    (0.15824781 -0.0254 0)
    (0.15861076 -0.0254 0)
    (0.15897372 -0.0254 0)
    (0.15933667 -0.0254 0)
    (0.15969962 -0.0254 0)
    (0.16006258 -0.0254 0)
    (0.16042553 -0.0254 0)
    (0.16078849 -0.0254 0)
    (0.16115144 -0.0254 0)
    (0.16151439 -0.0254 0)
    (0.16187735 -0.0254 0)
    (0.1622403 -0.0254 0)
    (0.16260325 -0.0254 0)
    (0.16296621 -0.0254 0)
    (0.16332916 -0.0254 0)
    (0.16369212 -0.0254 0)
    (0.16405507 -0.0254 0)
    (0.16441802 -0.0254 0)
    (0.16478098 -0.0254 0)
    (0.16514393 -0.0254 0)
    (0.16550688 -0.0254 0)
    (0.16586984 -0.0254 0)
    (0.16623279 -0.0254 0)
    (0.16659574 -0.0254 0)
    (0.1669587 -0.0254 0)
    (0.16732165 -0.0254 0)
    (0.16768461 -0.0254 0)
    (0.16804756 -0.0254 0)
    (0.16841051 -0.0254 0)
    (0.16877347 -0.0254 0)
    (0.16913642 -0.0254 0)
    (0.16949937 -0.0254 0)
    (0.16986233 -0.0254 0)
    (0.17022528 -0.0254 0)
    (0.17058824 -0.0254 0)
    (0.17095119 -0.0254 0)
    (0.17131414 -0.0254 0)
    (0.1716771 -0.0254 0)
    (0.17204005 -0.0254 0)
    (0.172403 -0.0254 0)
    (0.17276596 -0.0254 0)
    (0.17312891 -0.0254 0)
    (0.17349186 -0.0254 0)
    (0.17385482 -0.0254 0)
    (0.17421777 -0.0254 0)
    (0.17458073 -0.0254 0)
    (0.17494368 -0.0254 0)
    (0.17530663 -0.0254 0)
    (0.17566959 -0.0254 0)
    (0.17603254 -0.0254 0)
    (0.17639549 -0.0254 0)
    (0.17675845 -0.0254 0)
    (0.1771214 -0.0254 0)
    (0.17748436 -0.0254 0)
    (0.17784731 -0.0254 0)
    (0.17821026 -0.0254 0)
    (0.17857322 -0.0254 0)
    (0.17893617 -0.0254 0)
    (0.17929912 -0.0254 0)
    (0.17966208 -0.0254 0)
    (0.18002503 -0.0254 0)
    (0.18038798 -0.0254 0)
    (0.18075094 -0.0254 0)
    (0.18111389 -0.0254 0)
    (0.18147685 -0.0254 0)
    (0.1818398 -0.0254 0)
    (0.18220275 -0.0254 0)
    (0.18256571 -0.0254 0)
    (0.18292866 -0.0254 0)
    (0.18329161 -0.0254 0)
    (0.18365457 -0.0254 0)
    (0.18401752 -0.0254 0)
    (0.18438048 -0.0254 0)
    (0.18474343 -0.0254 0)
    (0.18510638 -0.0254 0)
    (0.18546934 -0.0254 0)
    (0.18583229 -0.0254 0)
    (0.18619524 -0.0254 0)
    (0.1865582 -0.0254 0)
    (0.18692115 -0.0254 0)
    (0.18728411 -0.0254 0)
    (0.18764706 -0.0254 0)
    (0.18801001 -0.0254 0)
    (0.18837297 -0.0254 0)
    (0.18873592 -0.0254 0)
    (0.18909887 -0.0254 0)
    (0.18946183 -0.0254 0)
    (0.18982478 -0.0254 0)
    (0.19018773 -0.0254 0)
    (0.19055069 -0.0254 0)
    (0.19091364 -0.0254 0)
    (0.1912766 -0.0254 0)
    (0.19163955 -0.0254 0)
    (0.1920025 -0.0254 0)
    (0.19236546 -0.0254 0)
    (0.19272841 -0.0254 0)
    (0.19309136 -0.0254 0)
    (0.19345432 -0.0254 0)
    (0.19381727 -0.0254 0)
    (0.19418023 -0.0254 0)
    (0.19454318 -0.0254 0)
    (0.19490613 -0.0254 0)
    (0.19526909 -0.0254 0)
    (0.19563204 -0.0254 0)
    (0.19599499 -0.0254 0)
    (0.19635795 -0.0254 0)
    (0.1967209 -0.0254 0)
    (0.19708385 -0.0254 0)
    (0.19744681 -0.0254 0)
    (0.19780976 -0.0254 0)
    (0.19817272 -0.0254 0)
    (0.19853567 -0.0254 0)
    (0.19889862 -0.0254 0)
    (0.19926158 -0.0254 0)
    (0.19962453 -0.0254 0)
    (0.19998748 -0.0254 0)
    (0.20035044 -0.0254 0)
    (0.20071339 -0.0254 0)
    (0.20107635 -0.0254 0)
    (0.2014393 -0.0254 0)
    (0.20180225 -0.0254 0)
    (0.20216521 -0.0254 0)
    (0.20252816 -0.0254 0)
    (0.20289111 -0.0254 0)
    (0.20325407 -0.0254 0)
    (0.20361702 -0.0254 0)
    (0.20397997 -0.0254 0)
    (0.20434293 -0.0254 0)
    (0.20470588 -0.0254 0)
    (0.20506884 -0.0254 0)
    (0.20543179 -0.0254 0)
    (0.20579474 -0.0254 0)
    (0.2061577 -0.0254 0)
    (0.20652065 -0.0254 0)
    (0.2068836 -0.0254 0)
    (0.20724656 -0.0254 0)
    (0.20760951 -0.0254 0)
    (0.20797247 -0.0254 0)
    (0.20833542 -0.0254 0)
    (0.20869837 -0.0254 0)
    (0.20906133 -0.0254 0)
    (0.20942428 -0.0254 0)
    (0.20978723 -0.0254 0)
    (0.21015019 -0.0254 0)
    (0.21051314 -0.0254 0)
    (0.2108761 -0.0254 0)
    (0.21123905 -0.0254 0)
    (0.211602 -0.0254 0)
    (0.21196496 -0.0254 0)
    (0.21232791 -0.0254 0)
    (0.21269086 -0.0254 0)
    (0.21305382 -0.0254 0)
    (0.21341677 -0.0254 0)
    (0.21377972 -0.0254 0)
    (0.21414268 -0.0254 0)
    (0.21450563 -0.0254 0)
    (0.21486859 -0.0254 0)
    (0.21523154 -0.0254 0)
    (0.21559449 -0.0254 0)
    (0.21595745 -0.0254 0)
    (0.2163204 -0.0254 0)
    (0.21668335 -0.0254 0)
    (0.21704631 -0.0254 0)
    (0.21740926 -0.0254 0)
    (0.21777222 -0.0254 0)
    (0.21813517 -0.0254 0)
    (0.21849812 -0.0254 0)
    (0.21886108 -0.0254 0)
    (0.21922403 -0.0254 0)
    (0.21958698 -0.0254 0)
    (0.21994994 -0.0254 0)
    (0.22031289 -0.0254 0)
    (0.22067584 -0.0254 0)
    (0.2210388 -0.0254 0)
    (0.22140175 -0.0254 0)
    (0.22176471 -0.0254 0)
    (0.22212766 -0.0254 0)
    (0.22249061 -0.0254 0)
    (0.22285357 -0.0254 0)
    (0.22321652 -0.0254 0)
    (0.22357947 -0.0254 0)
    (0.22394243 -0.0254 0)
    (0.22430538 -0.0254 0)
    (0.22466834 -0.0254 0)
    (0.22503129 -0.0254 0)
    (0.22539424 -0.0254 0)
    (0.2257572 -0.0254 0)
    (0.22612015 -0.0254 0)
    (0.2264831 -0.0254 0)
    (0.22684606 -0.0254 0)
    (0.22720901 -0.0254 0)
    (0.22757196 -0.0254 0)
    (0.22793492 -0.0254 0)
    (0.22829787 -0.0254 0)
    (0.22866083 -0.0254 0)
    (0.22902378 -0.0254 0)
    (0.22938673 -0.0254 0)
    (0.22974969 -0.0254 0)
    (0.23011264 -0.0254 0)
    (0.23047559 -0.0254 0)
    (0.23083855 -0.0254 0)
    (0.2312015 -0.0254 0)
    (0.23156446 -0.0254 0)
    (0.23192741 -0.0254 0)
    (0.23229036 -0.0254 0)
    (0.23265332 -0.0254 0)
    (0.23301627 -0.0254 0)
    (0.23337922 -0.0254 0)
    (0.23374218 -0.0254 0)
    (0.23410513 -0.0254 0)
    (0.23446809 -0.0254 0)
    (0.23483104 -0.0254 0)
    (0.23519399 -0.0254 0)
    (0.23555695 -0.0254 0)
    (0.2359199 -0.0254 0)
    (0.23628285 -0.0254 0)
    (0.23664581 -0.0254 0)
    (0.23700876 -0.0254 0)
    (0.23737171 -0.0254 0)
    (0.23773467 -0.0254 0)
    (0.23809762 -0.0254 0)
    (0.23846058 -0.0254 0)
    (0.23882353 -0.0254 0)
    (0.23918648 -0.0254 0)
    (0.23954944 -0.0254 0)
    (0.23991239 -0.0254 0)
    (0.24027534 -0.0254 0)
    (0.2406383 -0.0254 0)
    (0.24100125 -0.0254 0)
    (0.24136421 -0.0254 0)
    (0.24172716 -0.0254 0)
    (0.24209011 -0.0254 0)
    (0.24245307 -0.0254 0)
    (0.24281602 -0.0254 0)
    (0.24317897 -0.0254 0)
    (0.24354193 -0.0254 0)
    (0.24390488 -0.0254 0)
    (0.24426783 -0.0254 0)
    (0.24463079 -0.0254 0)
    (0.24499374 -0.0254 0)
    (0.2453567 -0.0254 0)
    (0.24571965 -0.0254 0)
    (0.2460826 -0.0254 0)
    (0.24644556 -0.0254 0)
    (0.24680851 -0.0254 0)
    (0.24717146 -0.0254 0)
    (0.24753442 -0.0254 0)
    (0.24789737 -0.0254 0)
    (0.24826033 -0.0254 0)
    (0.24862328 -0.0254 0)
    (0.24898623 -0.0254 0)
    (0.24934919 -0.0254 0)
    (0.24971214 -0.0254 0)
    (0.25007509 -0.0254 0)
    (0.25043805 -0.0254 0)
    (0.250801 -0.0254 0)
    (0.25116395 -0.0254 0)
    (0.25152691 -0.0254 0)
    (0.25188986 -0.0254 0)
    (0.25225282 -0.0254 0)
    (0.25261577 -0.0254 0)
    (0.25297872 -0.0254 0)
    (0.25334168 -0.0254 0)
    (0.25370463 -0.0254 0)
    (0.25406758 -0.0254 0)
    (0.25443054 -0.0254 0)
    (0.25479349 -0.0254 0)
    (0.25515645 -0.0254 0)
    (0.2555194 -0.0254 0)
    (0.25588235 -0.0254 0)
    (0.25624531 -0.0254 0)
    (0.25660826 -0.0254 0)
    (0.25697121 -0.0254 0)
    (0.25733417 -0.0254 0)
    (0.25769712 -0.0254 0)
    (0.25806008 -0.0254 0)
    (0.25842303 -0.0254 0)
    (0.25878598 -0.0254 0)
    (0.25914894 -0.0254 0)
    (0.25951189 -0.0254 0)
    (0.25987484 -0.0254 0)
    (0.2602378 -0.0254 0)
    (0.26060075 -0.0254 0)
    (0.2609637 -0.0254 0)
    (0.26132666 -0.0254 0)
    (0.26168961 -0.0254 0)
    (0.26205257 -0.0254 0)
    (0.26241552 -0.0254 0)
    (0.26277847 -0.0254 0)
    (0.26314143 -0.0254 0)
    (0.26350438 -0.0254 0)
    (0.26386733 -0.0254 0)
    (0.26423029 -0.0254 0)
    (0.26459324 -0.0254 0)
    (0.2649562 -0.0254 0)
    (0.26531915 -0.0254 0)
    (0.2656821 -0.0254 0)
    (0.26604506 -0.0254 0)
    (0.26640801 -0.0254 0)
    (0.26677096 -0.0254 0)
    (0.26713392 -0.0254 0)
    (0.26749687 -0.0254 0)
    (0.26785982 -0.0254 0)
    (0.26822278 -0.0254 0)
    (0.26858573 -0.0254 0)
    (0.26894869 -0.0254 0)
    (0.26931164 -0.0254 0)
    (0.26967459 -0.0254 0)
    (0.27003755 -0.0254 0)
    (0.2704005 -0.0254 0)
    (0.27076345 -0.0254 0)
    (0.27112641 -0.0254 0)
    (0.27148936 -0.0254 0)
    (0.27185232 -0.0254 0)
    (0.27221527 -0.0254 0)
    (0.27257822 -0.0254 0)
    (0.27294118 -0.0254 0)
    (0.27330413 -0.0254 0)
    (0.27366708 -0.0254 0)
    (0.27403004 -0.0254 0)
    (0.27439299 -0.0254 0)
    (0.27475594 -0.0254 0)
    (0.2751189 -0.0254 0)
    (0.27548185 -0.0254 0)
    (0.27584481 -0.0254 0)
    (0.27620776 -0.0254 0)
    (0.27657071 -0.0254 0)
    (0.27693367 -0.0254 0)
    (0.27729662 -0.0254 0)
    (0.27765957 -0.0254 0)
    (0.27802253 -0.0254 0)
    (0.27838548 -0.0254 0)
    (0.27874844 -0.0254 0)
    (0.27911139 -0.0254 0)
    (0.27947434 -0.0254 0)
    (0.2798373 -0.0254 0)
    (0.28020025 -0.0254 0)
    (0.2805632 -0.0254 0)
    (0.28092616 -0.0254 0)
    (0.28128911 -0.0254 0)
    (0.28165207 -0.0254 0)
    (0.28201502 -0.0254 0)
    (0.28237797 -0.0254 0)
    (0.28274093 -0.0254 0)
    (0.28310388 -0.0254 0)
    (0.28346683 -0.0254 0)
    (0.28382979 -0.0254 0)
    (0.28419274 -0.0254 0)
    (0.28455569 -0.0254 0)
    (0.28491865 -0.0254 0)
    (0.2852816 -0.0254 0)
    (0.28564456 -0.0254 0)
    (0.28600751 -0.0254 0)
    (0.28637046 -0.0254 0)
    (0.28673342 -0.0254 0)
    (0.28709637 -0.0254 0)
    (0.28745932 -0.0254 0)
    (0.28782228 -0.0254 0)
    (0.28818523 -0.0254 0)
    (0.28854819 -0.0254 0)
    (0.28891114 -0.0254 0)
    (0.28927409 -0.0254 0)
    (0.28963705 -0.0254 0)
    (0.29 -0.0254 0)
);
