#           x wallShearS... wallShearS... wallShearS...
            0  -4.74342e-05   0.000358623   2.20727e-20
  0.000362954  -3.22892e-05   0.000415578   7.50777e-21
  0.000725907  -0.000151427     0.0004553  -1.89004e-21
   0.00108886  -0.000376318   0.000471757  -6.22675e-21
   0.00145181  -0.000520815    0.00038246  -1.78363e-21
   0.00181477   -0.00061451   0.000264064             0
   0.00217772  -0.000665734   0.000125757   2.48538e-22
   0.00254068   -0.00064797  -1.57964e-05   2.53828e-21
   0.00290363  -0.000594114   -0.00014276   3.44075e-21
   0.00326658  -0.000513274  -0.000257238    3.2329e-21
   0.00362954  -0.000397502  -0.000342337   9.74307e-22
   0.00399249  -0.000268213   -0.00041128             0
   0.00435544    -0.0001282  -0.000467323             0


    0.0047184   2.61442e-05  -0.000503691             0
   0.00508135   0.000185537  -0.000534278  -6.12402e-22
   0.00544431   0.000350338  -0.000558674  -1.88064e-21
   0.00580726   0.000523552  -0.000577692   -1.9818e-21
   0.00617021   0.000700584  -0.000595413  -1.54677e-21
   0.00653317   0.000883409  -0.000611562  -2.95636e-22
   0.00689612    0.00107295  -0.000627046             0
   0.00725907      0.001266  -0.000642267             0
   0.00762203    0.00146623  -0.000657209             0
   0.00798498    0.00167107   -0.00067201  -3.68536e-22
   0.00834793     0.0018796  -0.000686698  -1.03122e-21
   0.00871089    0.00209555  -0.000701083  -1.07646e-21
   0.00907384    0.00231428  -0.000715315  -8.82249e-22
    0.0094368    0.00253832  -0.000729239  -2.28428e-22
   0.00979975    0.00276704  -0.000742794             0
    0.0101627    0.00299828   -0.00075615             0
    0.0105257    0.00323627  -0.000768787             0
    0.0108886    0.00347637   -0.00078112             0
    0.0112516    0.00372089  -0.000792809             0
    0.0116145    0.00396921  -0.000803737             0
    0.0119775    0.00421976  -0.000814218             0
    0.0123404    0.00447552  -0.000823279             0
    0.0127034    0.00473277  -0.000831828  -7.89376e-23
    0.0130663    0.00499398  -0.000838916  -4.42337e-22
    0.0134293    0.00525735  -0.000844952  -4.58332e-22
    0.0137922    0.00552297  -0.000849895  -1.14179e-22
    0.0141552    0.00579134   -0.00085313  -5.53942e-24
    0.0145181     0.0060606  -0.000855798   2.51603e-23
    0.0148811    0.00633264  -0.000856373  -6.28986e-22
    0.0152441    0.00660509  -0.000856625  -1.05786e-21
     0.015607    0.00687895  -0.000855819  -7.34218e-22
      0.01597    0.00715324  -0.000855099  -4.16671e-22
    0.0163329    0.00742808  -0.000854485  -1.06542e-22
    0.0166959    0.00770325  -0.000855744    1.8377e-22
    0.0170588    0.00797859  -0.000857984   4.63711e-22
    0.0174218    0.00825473  -0.000866011   7.36671e-22
    0.0177847    0.00853105  -0.000875343   9.94293e-22
    0.0181477    0.00880942  -0.000894833   7.18646e-22
    0.0185106    0.00908808  -0.000916693   4.44535e-22
    0.0188736    0.00936797  -0.000948712   1.77011e-22
    0.0192365    0.00964829  -0.000987048   8.43778e-23
    0.0195995    0.00992945   -0.00103774   3.33767e-22
    0.0199625     0.0102141   -0.00109897   4.65456e-22
    0.0203254     0.0105027   -0.00117193   4.66066e-22
    0.0206884     0.0107958   -0.00125225   3.20247e-22
    0.0210513      0.011092   -0.00133761   7.40858e-23
    0.0214143     0.0113931   -0.00143898  -1.63351e-22
    0.0217772     0.0116962   -0.00154725  -3.97032e-22
    0.0221402      0.012018   -0.00167311  -4.46579e-22
    0.0225031     0.0123448   -0.00180365  -4.47168e-22
    0.0228661      0.012761   -0.00192731  -4.51126e-22
     0.023229      0.013191   -0.00204991  -4.55604e-22
     0.023592     0.0136345   -0.00220669   -9.1835e-22
    0.0239549     0.0140791   -0.00236616  -1.41709e-21
    0.0243179     0.0145433   -0.00233455  -1.20578e-21
    0.0246809     0.0150079   -0.00229604   -9.7387e-22
    0.0250438     0.0154141   -0.00185657  -4.82105e-22
    0.0254068     0.0158171    -0.0014202             0
    0.0257697     0.0160583   -0.00113833             0
    0.0261327     0.0163017  -0.000863542             0
    0.0264956     0.0166503  -0.000939964             0
    0.0268586     0.0169996   -0.00101645             0
    0.0272215     0.0175074   -0.00110702             0
    0.0275845     0.0180151    -0.0011976             0
    0.0279474     0.0185669   -0.00123448  -5.34001e-22
    0.0283104     0.0191199   -0.00126987  -1.08268e-21
    0.0286733     0.0196741   -0.00128146  -1.62273e-21
    0.0290363     0.0202285   -0.00129116   -2.1621e-21
    0.0293992     0.0207845   -0.00130266  -2.22503e-21


    0.0297622     0.0213408   -0.00131445  -2.21269e-21
    0.0301252     0.0219081   -0.00132502  -1.79445e-21
    0.0304881     0.0224785   -0.00133526  -1.26486e-21
    0.0308511     0.0230545   -0.00134379    -3.898e-22


     0.031214     0.0236329   -0.00135156   6.40678e-22
     0.031577     0.0242162   -0.00135838   1.07594e-21
    0.0319399     0.0248028   -0.00136451    1.0774e-21
    0.0323029     0.0253925   -0.00137008    6.2963e-22
    0.0326658     0.0259859   -0.00137498  -3.65573e-22
    0.0330288     0.0265812   -0.00137961  -1.20471e-21
    0.0333917      0.027181   -0.00138361  -1.69071e-21
    0.0337547     0.0277816   -0.00138752  -2.03538e-21
    0.0341176     0.0283871   -0.00139084  -1.55058e-21
    0.0344806     0.0289926   -0.00139416  -1.06579e-21
    0.0348436     0.0296033    -0.0013969  -5.87055e-22
    0.0352065     0.0302141   -0.00139963  -1.08525e-22
    0.0355695     0.0308287   -0.00140197             0
    0.0359324     0.0314444   -0.00140419             0
    0.0362954     0.0320626   -0.00140615  -2.56426e-22


    0.0366583     0.0326827   -0.00140792  -7.13103e-22
    0.0370213     0.0333042   -0.00140953  -1.01836e-21
    0.0373842     0.0339284   -0.00141085  -1.01976e-21
    0.0377472     0.0345529   -0.00141212   -9.8209e-22
    0.0381101     0.0351807   -0.00141299  -5.31039e-22
    0.0384731     0.0358085   -0.00141385  -7.99875e-23
     0.038836      0.036439   -0.00141435             0
     0.039199     0.0370699   -0.00141476             0
     0.039562     0.0377024   -0.00141491             0


    0.0399249     0.0383361   -0.00141483             0
    0.0402879     0.0389703   -0.00141464             0
    0.0406508     0.0396061   -0.00141407             0
    0.0410138      0.040242    -0.0014135             0
    0.0413767     0.0408794   -0.00141246             0
    0.0417397      0.041517   -0.00141139             0
    0.0421026     0.0421553   -0.00140998             0
    0.0424656     0.0427941   -0.00140834             0
    0.0428285      0.043433   -0.00140657             0
    0.0431915     0.0440723   -0.00140435             0
    0.0435544     0.0447116   -0.00140213             0
    0.0439174     0.0453509   -0.00139939   3.52478e-22
    0.0442804     0.0459902   -0.00139656   7.59471e-22
    0.0446433     0.0466291   -0.00139344   9.73281e-22


    0.0450063     0.0472677   -0.00138998   9.74638e-22
    0.0453692     0.0479062   -0.00138649   9.48617e-22
    0.0457322     0.0485434   -0.00138241   5.46533e-22
    0.0460951     0.0491806   -0.00137833   1.44449e-22
    0.0464581     0.0498166   -0.00137381  -2.51638e-22
     0.046821     0.0504518   -0.00136904  -6.44362e-22
     0.047184     0.0510865   -0.00136414  -1.03645e-21
    0.0475469     0.0517189   -0.00135867   -1.4259e-21
    0.0479099     0.0523512   -0.00135321  -1.81535e-21
    0.0482728     0.0529811   -0.00134726   -1.6384e-21
    0.0486358     0.0536099   -0.00134112  -1.25172e-21
    0.0489987     0.0542378   -0.00133481  -7.72739e-22
    0.0493617     0.0548624   -0.00132797  -1.02599e-23
    0.0497247     0.0554871   -0.00132112   7.52219e-22
    0.0500876      0.056108   -0.00131373   6.71893e-22
    0.0504506     0.0567275   -0.00130615   2.98713e-22
    0.0508135     0.0573458   -0.00129841  -7.50471e-23
    0.0511765     0.0579595    -0.0012901  -4.50877e-22
    0.0515394     0.0585731   -0.00128179  -8.26707e-22
    0.0519024     0.0591823     -0.001273  -4.50485e-22
    0.0522653     0.0597892   -0.00126398   2.85149e-22
    0.0526283     0.0603953   -0.00125487   9.36843e-22
    0.0529912     0.0609948   -0.00124514    9.3816e-22
    0.0533542     0.0615942   -0.00123541   9.39476e-22
    0.0537171     0.0621893   -0.00122529   7.47883e-22
    0.0540801     0.0627804   -0.00121484   3.86632e-22
    0.0544431     0.0633715   -0.00120438   2.53806e-23
     0.054806     0.0639541   -0.00119327  -3.27396e-22
     0.055169      0.064536   -0.00118211  -6.79532e-22
    0.0555319     0.0651148   -0.00117074  -9.23894e-22
    0.0558949     0.0656867   -0.00115889  -9.25194e-22
    0.0562578     0.0662587   -0.00114704  -9.26493e-22
    0.0566208     0.0668234   -0.00113473  -4.67873e-22
    0.0569837     0.0673844   -0.00112219   2.23221e-22
    0.0573467     0.0679454   -0.00110965   9.13794e-22
    0.0577096     0.0684948   -0.00109645   9.15081e-22
    0.0580726     0.0690441   -0.00108325   9.16367e-22
    0.0584355     0.0695895   -0.00106984   7.04219e-22
    0.0587985     0.0701264   -0.00105598   3.12635e-23
    0.0591615     0.0706632   -0.00104212  -6.41692e-22
    0.0595244     0.0711919   -0.00102786  -1.10522e-21
    0.0598874     0.0717154   -0.00101334  -1.43568e-21
    0.0602503     0.0722388  -0.000998817  -1.76614e-21
    0.0606133     0.0727497   -0.00098376  -1.80022e-21
    0.0609762     0.0732589  -0.000968633  -1.79593e-21
    0.0613392     0.0737661  -0.000953423  -1.83575e-21
    0.0617021     0.0742604   -0.00093769  -2.15091e-21
    0.0620651     0.0747547  -0.000921958  -2.46606e-21
     0.062428     0.0752432  -0.000905996  -2.31466e-21
     0.062791     0.0757217  -0.000889645  -1.36692e-21
    0.0631539     0.0762002  -0.000873294  -4.19192e-22
    0.0635169     0.0766692  -0.000856597   3.47042e-22
    0.0638798     0.0771311  -0.000839647   9.81446e-22
    0.0642428      0.077593  -0.000822698   1.61585e-21
    0.0646058     0.0780417  -0.000805263   1.28588e-21
    0.0649687     0.0784863  -0.000787681   6.63581e-22
    0.0653317      0.078931  -0.000770099   4.12861e-23
    0.0656946     0.0793586  -0.000751887             0
    0.0660576      0.079785   -0.00073363             0
    0.0664205     0.0802099  -0.000715318   4.58589e-23
    0.0667835     0.0806173  -0.000696353   6.34624e-22
    0.0671464     0.0810247  -0.000677388   1.22339e-21
    0.0675094     0.0814282  -0.000658262    1.8105e-21
    0.0678723     0.0818158   -0.00063849   2.39098e-21
    0.0682353     0.0822035  -0.000618718   2.97146e-21
    0.0685982     0.0825849  -0.000598661   3.03444e-21
    0.0689612     0.0829519   -0.00057794   1.88749e-21
    0.0693242     0.0833189  -0.000557219   7.40547e-22
    0.0696871     0.0836777  -0.000536077  -1.90533e-22
    0.0700501      0.084023  -0.000514235  -7.64414e-22
     0.070413     0.0843684  -0.000492394  -1.33829e-21
     0.070776     0.0847039      -0.00047  -1.18819e-21
    0.0711389     0.0850265  -0.000446876  -8.25646e-23
    0.0715019      0.085349  -0.000423752   1.02306e-21
    0.0718648     0.0856606  -0.000399988     1.865e-21
    0.0722278     0.0859592   -0.00037548   2.40053e-21
    0.0725907     0.0862579  -0.000350973   2.93607e-21
    0.0729537     0.0865448  -0.000325867   3.21236e-21
    0.0733166     0.0868184  -0.000300088   3.19743e-21
    0.0736796      0.087092   -0.00027431   3.18249e-21
    0.0740426     0.0873536  -0.000248203   2.93487e-21
    0.0744055     0.0876009  -0.000221705   2.40978e-21
    0.0747685     0.0878483  -0.000195206   1.88469e-21
    0.0751314     0.0880842    -0.0001689   1.36353e-21
    0.0754944     0.0883042  -0.000142861   8.47848e-22
    0.0758573     0.0885241  -0.000116822   3.32163e-22
    0.0762203     0.0887344  -9.16828e-05             0
    0.0765832     0.0889271  -6.81728e-05             0
    0.0769462     0.0891197  -4.46628e-05             0
    0.0773091     0.0893058  -2.20416e-05    1.2753e-22


    0.0776721     0.0894739  -1.82157e-06    5.9959e-22
     0.078035     0.0896421   1.83985e-05   1.07165e-21
     0.078398     0.0898066   3.83724e-05    1.4683e-21
     0.078761     0.0899524   5.70587e-05   1.47035e-21
    0.0791239     0.0900982   7.57451e-05    1.4724e-21
    0.0794869     0.0902435   9.44226e-05     1.462e-21
    0.0798498     0.0903668   0.000112776   9.95166e-22
    0.0802128     0.0904902   0.000131128   5.28326e-22
    0.0805757     0.0906136   0.000149481   6.14868e-23
    0.0809387     0.0907175   0.000167637   -3.7498e-22
    0.0813016     0.0908185   0.000185764   -8.0684e-22
    0.0816646     0.0909195    0.00020389   -1.2387e-21
    0.0820275     0.0910052   0.000221947  -1.37584e-21
    0.0823905     0.0910838   0.000239974  -1.37775e-21
    0.0827534     0.0911624      0.000258  -1.37967e-21
    0.0831164     0.0912302   0.000275972  -1.17654e-21
    0.0834793     0.0912863   0.000293885  -7.49416e-22
    0.0838423     0.0913424   0.000311798  -3.22294e-22
    0.0842053      0.091393    0.00032968  -9.54458e-23


    0.0845682     0.0914267   0.000347468  -4.84343e-22
    0.0849312     0.0914603   0.000365255  -8.73239e-22
    0.0852941     0.0914939   0.000383042  -1.26214e-21
    0.0856571     0.0915054   0.000400694  -1.26862e-21
      0.08602     0.0915165   0.000418343  -1.27037e-21
     0.086383     0.0915277   0.000435993  -1.27213e-21
    0.0867459      0.091523   0.000453528  -1.00152e-21
    0.0871089     0.0915117   0.000471014  -6.16859e-22
    0.0874718     0.0915004     0.0004885  -2.32195e-22
    0.0878348     0.0914803   0.000505909   1.35987e-22
    0.0881977     0.0914466   0.000523199   4.79071e-22
    0.0885607      0.091413   0.000540488   8.22154e-22
    0.0889237      0.091378   0.000557764   1.16435e-21
    0.0892866     0.0913221   0.000574826    1.4931e-21
    0.0896496     0.0912663   0.000591888   1.82184e-21
    0.0900125     0.0912104   0.000608949   2.15059e-21
    0.0903755     0.0911392   0.000625846   2.01135e-21
    0.0907384     0.0910614   0.000642671   1.67349e-21
    0.0911014     0.0909836   0.000659497   1.33563e-21
    0.0914643     0.0908989   0.000676246   9.09298e-22
    0.0918273     0.0907993   0.000692828   2.91294e-22
    0.0921902     0.0906997   0.000709411  -3.26711e-22
    0.0925532     0.0906001   0.000725993  -9.44715e-22
    0.0929161     0.0904811   0.000742322  -1.00577e-21
    0.0932791     0.0903599   0.000758624  -1.00715e-21
    0.0936421     0.0902388   0.000774926  -1.00853e-21
     0.094005     0.0901078   0.000791087  -7.53341e-22
     0.094368     0.0899655   0.000807086  -2.01899e-22
    0.0947309     0.0898231   0.000823086   3.49542e-22
    0.0950939     0.0896808   0.000839085   9.00984e-22
    0.0954568     0.0895176   0.000854777   9.03171e-22
    0.0958198     0.0893544   0.000870468   9.04407e-22
    0.0961827     0.0891912    0.00088616   9.05643e-22
    0.0965457     0.0890176   0.000901689   8.89736e-22
    0.0969086     0.0888338   0.000917059   8.57059e-22
    0.0972716       0.08865   0.000932429   8.24382e-22
    0.0976345     0.0884663   0.000947799   7.91705e-22
    0.0979975     0.0882626   0.000962828   9.95867e-22
    0.0983605     0.0880587   0.000977851    1.2035e-21
    0.0987234     0.0878547   0.000992875   1.41114e-21
    0.0990864     0.0876422    0.00100774   1.43077e-21
    0.0994493     0.0874185    0.00102239   1.20936e-21
    0.0998123     0.0871949    0.00103704   9.87957e-22
     0.100175     0.0869713    0.00105169   7.66554e-22
     0.100538     0.0867311    0.00106602   5.59852e-22
     0.100901     0.0864882    0.00108029   3.55479e-22
     0.101264     0.0862454    0.00109457   1.51105e-22
     0.101627     0.0859977    0.00110874             0
      0.10199     0.0857361    0.00112263             0
     0.102353     0.0854746    0.00113652             0
     0.102716      0.085213     0.0011504             0
     0.103079       0.08494    0.00116403             0
     0.103442     0.0846603    0.00117751             0
     0.103805     0.0843806    0.00119099             0
     0.104168     0.0841009    0.00120447             0
     0.104531     0.0838041    0.00121756             0
     0.104894     0.0835068    0.00123063             0
     0.105257     0.0832095     0.0012437             0
      0.10562     0.0829074    0.00125665             0
     0.105982      0.082593     0.0012693             0
     0.106345     0.0822787    0.00128195             0
     0.106708     0.0819644     0.0012946             0
     0.107071     0.0816407    0.00130699             0
     0.107434       0.08131    0.00131919             0
     0.107797     0.0809793     0.0013314             0
      0.10816     0.0806485     0.0013436             0
     0.108523     0.0803049    0.00135543   3.98267e-23
     0.108886     0.0799584    0.00136719   8.82373e-23
     0.109249      0.079612    0.00137895   1.36648e-22
     0.109612     0.0792648    0.00139069     1.814e-22
     0.109975     0.0789032      0.001402   1.54594e-22
     0.110338     0.0785416    0.00141331   1.27788e-22
     0.110701       0.07818    0.00142462   1.00982e-22
     0.111064     0.0778148    0.00143582   6.89664e-23
     0.111427     0.0774388    0.00144667   2.09198e-23
      0.11179     0.0770628    0.00145752  -2.71269e-23
     0.112153     0.0766867    0.00146837  -7.51735e-23
     0.112516      0.076305    0.00147904  -9.23732e-23
     0.112879     0.0759153    0.00148944  -6.56019e-23
     0.113242     0.0755255    0.00149985  -3.88307e-23
     0.113605     0.0751357    0.00151025  -1.20595e-23
     0.113967     0.0747389    0.00152041             0
      0.11433     0.0743363    0.00153037             0
     0.114693     0.0739337    0.00154033             0
     0.115056     0.0735311    0.00155029             0
     0.115419     0.0731207    0.00155995             0
     0.115782     0.0727061    0.00156946             0
     0.116145     0.0722916    0.00157896             0
     0.116508     0.0718771    0.00158847             0
     0.116871      0.071454    0.00159763   1.25418e-22
     0.117234     0.0710278    0.00160668   2.96359e-22
     0.117597     0.0706016    0.00161572   4.67301e-22
      0.11796     0.0701753    0.00162477   6.38242e-22
     0.118323     0.0697404    0.00163343   6.76521e-22
     0.118686     0.0693029    0.00164198   6.77412e-22
     0.119049     0.0688655    0.00165053   6.78303e-22
     0.119412     0.0684281    0.00165909   6.79194e-22
     0.119775     0.0679825    0.00166726   3.32498e-22
     0.120138      0.067535    0.00167534  -1.03367e-22
     0.120501     0.0670874    0.00168342  -5.39232e-22
     0.120864     0.0666398     0.0016915  -9.75097e-22
     0.121227     0.0661852    0.00169926  -8.25284e-22
     0.121589     0.0657287    0.00170691  -5.10826e-22
     0.121952     0.0652722    0.00171457  -1.96368e-22
     0.122315     0.0648157    0.00172223    1.1809e-22
     0.122678     0.0643535    0.00172958   3.96706e-22
     0.123041     0.0638891    0.00173682   6.62338e-22
     0.123404     0.0634247    0.00174406    9.2797e-22
     0.123767     0.0629604     0.0017513    1.1936e-21
      0.12413      0.062491    0.00175823    1.0798e-21
     0.124493      0.062019    0.00176501   7.67131e-22
     0.124856      0.061547    0.00177179   4.54466e-22
     0.125219     0.0610749    0.00177857   1.41801e-22
     0.125582     0.0605991     0.0017851             0
     0.125945     0.0601201    0.00179141             0
     0.126308     0.0596411    0.00179773             0
     0.126671     0.0591621    0.00180405             0
     0.127034     0.0586807    0.00181019  -2.11477e-22
     0.127397     0.0581959    0.00181607   -7.3381e-22
      0.12776      0.057711    0.00182195  -1.25614e-21
     0.128123     0.0572261    0.00182783  -1.77848e-21
     0.128486       0.05674    0.00183362    -2.314e-21
     0.128849       0.05625    0.00183908  -2.89343e-21
     0.129212       0.05576    0.00184455  -3.47286e-21
     0.129574       0.05527    0.00185002  -4.05228e-21
     0.129937     0.0547798    0.00185547  -4.60458e-21
       0.1303     0.0542854    0.00186052  -4.09061e-21
     0.130663     0.0537909    0.00186558  -3.57663e-21
     0.131026     0.0532965    0.00187063  -3.06265e-21
     0.131389     0.0528021    0.00187568  -2.54868e-21
     0.131752     0.0523048    0.00188041  -2.53126e-21
     0.132115     0.0518068    0.00188504  -2.64915e-21
     0.132478     0.0513088    0.00188968  -2.76704e-21
     0.132841     0.0508109    0.00189432  -2.88492e-21
     0.133204     0.0503114    0.00189876  -3.32793e-21
     0.133567     0.0498107    0.00190301  -4.07843e-21
      0.13393     0.0493099    0.00190726  -4.82893e-21
     0.134293     0.0488092    0.00191151  -5.57942e-21
     0.134656      0.048308    0.00191569  -5.86336e-21
     0.135019     0.0478051    0.00191955  -4.37945e-21
     0.135382     0.0473022    0.00192342  -2.89554e-21
     0.135745     0.0467994    0.00192729  -1.41163e-21
     0.136108     0.0462965    0.00193116   7.22737e-23
     0.136471     0.0457926     0.0019347   9.12106e-22
     0.136834     0.0452884    0.00193819   1.65588e-21
     0.137196     0.0447843    0.00194168   2.39964e-21
     0.137559     0.0442802    0.00194517   3.14341e-21
     0.137922     0.0437757    0.00194848    3.1195e-21
     0.138285      0.043271    0.00195162   2.32135e-21
     0.138648     0.0427663    0.00195476   1.52321e-21
     0.139011     0.0422616     0.0019579   7.25068e-22
     0.139374     0.0417569    0.00196101   9.09746e-23
     0.139737     0.0412523    0.00196381   1.08463e-21
       0.1401     0.0407477    0.00196661   2.07828e-21
     0.140463     0.0402431    0.00196941   3.07193e-21
     0.140826     0.0397385     0.0019722   4.06559e-21
     0.141189     0.0392344    0.00197479   4.41601e-21
     0.141552     0.0387306    0.00197725   4.42157e-21
     0.141915     0.0382268    0.00197972   4.42712e-21
     0.142278      0.037723    0.00198219   4.43267e-21
     0.142641     0.0372195     0.0019846   4.26421e-21
     0.143004     0.0367172    0.00198676   3.28032e-21
     0.143367     0.0362149    0.00198892   2.29643e-21
      0.14373     0.0357126    0.00199108   1.31254e-21
     0.144093     0.0352103    0.00199325   3.28651e-22
     0.144456     0.0347094    0.00199521             0
     0.144819     0.0342092    0.00199708             0
     0.145181      0.033709    0.00199895             0
     0.145544     0.0332088    0.00200082             0
     0.145907     0.0327089    0.00200266             0
      0.14627     0.0322114    0.00200425             0
     0.146633     0.0317139    0.00200585             0
     0.146996     0.0312164    0.00200744             0
     0.147359     0.0307189    0.00200903             0
     0.147722     0.0302232    0.00201048  -7.27338e-22
     0.148085      0.029729    0.00201182   -2.0725e-21
     0.148448     0.0292349    0.00201316  -3.41766e-21
     0.148811     0.0287407    0.00201449  -4.76281e-21
     0.149174     0.0282465    0.00201583  -6.10797e-21
     0.149537     0.0277559    0.00201695  -7.53208e-21
       0.1499     0.0272655    0.00201804   -8.9626e-21
     0.150263     0.0267752    0.00201914  -1.03931e-20
     0.150626     0.0262849    0.00202024  -1.18236e-20
     0.150989     0.0257958    0.00202128  -1.25022e-20
     0.151352     0.0253098    0.00202216  -1.11782e-20
     0.151715     0.0248239    0.00202304  -9.85429e-21
     0.152078      0.024338    0.00202392  -8.53034e-21
     0.152441      0.023852    0.00202481  -7.20639e-21
     0.152804      0.023369    0.00202557  -6.76137e-21
     0.153166     0.0228879    0.00202626  -6.93977e-21
     0.153529     0.0224068    0.00202695  -7.11816e-21
     0.153892     0.0219258    0.00202763  -7.29656e-21
     0.154255     0.0214447    0.00202832  -7.47496e-21
     0.154618     0.0209683    0.00202885  -7.50771e-21
     0.154981     0.0204926    0.00202936  -7.51687e-21
     0.155344     0.0200169    0.00202987  -7.52604e-21
     0.155707     0.0195411    0.00203039   -7.5352e-21
      0.15607      0.019066    0.00203088  -7.38705e-21
     0.156433     0.0185961    0.00203124  -5.81489e-21
     0.156796     0.0181261     0.0020316  -4.24273e-21
     0.157159     0.0176562    0.00203195  -2.67058e-21
     0.157522     0.0171862    0.00203231  -1.09842e-21
     0.157885     0.0167182    0.00203263  -5.61191e-22
     0.158248     0.0162544    0.00203285  -2.42357e-21
     0.158611     0.0157906    0.00203306  -4.28595e-21
     0.158974     0.0153268    0.00203328  -6.14832e-21
     0.159337     0.0148631     0.0020335   -8.0107e-21
       0.1597     0.0144023    0.00203367  -9.01052e-21
     0.160063     0.0139451    0.00203376   -9.0214e-21
     0.160426     0.0134879    0.00203386  -9.03228e-21
     0.160788     0.0130306    0.00203395  -9.04316e-21
     0.161151     0.0125734    0.00203405  -9.05403e-21
     0.161514     0.0121202    0.00203409  -9.19167e-21
     0.161877     0.0116699    0.00203408  -9.41639e-21
      0.16224     0.0112195    0.00203408   -9.6411e-21
     0.162603     0.0107692    0.00203408  -9.86581e-21
     0.162966     0.0103188    0.00203407  -1.00905e-20
     0.163329    0.00987339    0.00203406  -1.01703e-20
     0.163692    0.00943025    0.00203403  -1.01825e-20
     0.164055    0.00898711      0.002034  -1.01947e-20
     0.164418    0.00854396    0.00203397  -1.02068e-20
     0.164781    0.00810082    0.00203395   -1.0219e-20
     0.165144    0.00766314    0.00203399  -8.72049e-21
     0.165507    0.00722746    0.00203407  -6.67095e-21
      0.16587    0.00679178    0.00203414  -4.62141e-21
     0.166233     0.0063561    0.00203422  -2.57188e-21
     0.166596    0.00592042    0.00203429  -5.22343e-22
     0.166959    0.00549038    0.00203437  -1.80885e-21
     0.167322    0.00506227    0.00203444  -4.23639e-21
     0.167685    0.00463416    0.00203452  -6.66392e-21
     0.168048    0.00420605    0.00203459  -9.09146e-21
     0.168411    0.00377794    0.00203467   -1.1519e-20
     0.168773    0.00335523    0.00203385  -1.22121e-20
     0.169136    0.00293463    0.00203268  -1.22265e-20
     0.169499    0.00251404    0.00203151   -1.2241e-20
     0.169862    0.00209344    0.00203033  -1.22554e-20
     0.170225    0.00167284    0.00202916  -1.22698e-20
     0.170588    0.00125717    0.00202551  -1.23443e-20
     0.170951    0.00084411    0.00202055  -1.24507e-20
     0.171314   0.000431051    0.00201559   -1.2557e-20
     0.171677   1.79921e-05    0.00201063  -1.26634e-20
      0.17204  -0.000395067    0.00200567  -1.27697e-20
     0.172403  -0.000804224    0.00199839   -1.2826e-20
     0.172766   -0.00121017    0.00198919   -1.2841e-20
     0.173129   -0.00161611       0.00198   -1.2856e-20
     0.173492   -0.00202206    0.00197081  -1.28711e-20
     0.173855     -0.002428    0.00196161  -1.28861e-20
     0.174218   -0.00283128     0.0019518  -1.18904e-20
     0.174581   -0.00323063    0.00194109   -9.4032e-21
     0.174944   -0.00362998    0.00193037  -6.91597e-21
     0.175307   -0.00402933    0.00191966  -4.42875e-21
      0.17567   -0.00442868    0.00190894  -1.94152e-21
     0.176033   -0.00482661    0.00189832             0
     0.176395    -0.0052195    0.00188801             0
     0.176758   -0.00561239    0.00187771             0
     0.177121   -0.00600529    0.00186741             0
     0.177484   -0.00639818    0.00185711             0
     0.177847   -0.00679107    0.00184681             0
      0.17821    -0.0071777    0.00183714   2.18081e-21
     0.178573    -0.0075643    0.00182748   4.37354e-21
     0.178936    -0.0079509    0.00181781   6.56627e-21
     0.179299    -0.0083375    0.00180814     8.759e-21
     0.179662    -0.0087241    0.00179848   1.09517e-20
     0.180025   -0.00910618    0.00178922   1.15554e-20
     0.180388   -0.00948659    0.00178011   1.15687e-20
     0.180751   -0.00986699    0.00177101    1.1582e-20
     0.181114    -0.0102474     0.0017619   1.15954e-20
     0.181477    -0.0106278    0.00175279   1.16087e-20
      0.18184    -0.0110056    0.00174388   9.82591e-21
     0.182203    -0.0113799    0.00173523   5.59034e-21
     0.182566    -0.0117542    0.00172658   1.35477e-21
     0.182929    -0.0121285    0.00171793  -2.88081e-21
     0.183292    -0.0125028    0.00170928  -7.11638e-21
     0.183655    -0.0128766    0.00170066   -1.1035e-20
     0.184018    -0.0132448    0.00169235  -1.10476e-20
      0.18438     -0.013613    0.00168404  -1.10602e-20
     0.184743    -0.0139812    0.00167574  -1.10728e-20
     0.185106    -0.0143493    0.00166743  -1.10854e-20
     0.185469    -0.0147175    0.00165912   -1.1098e-20
     0.185832    -0.0150814    0.00165095  -9.70002e-21
     0.186195    -0.0154434    0.00164285  -7.65588e-21
     0.186558    -0.0158053    0.00163474  -5.61175e-21
     0.186921    -0.0161673    0.00162664  -3.56761e-21
     0.187284    -0.0165292    0.00161853  -1.52347e-21
     0.187647    -0.0168895    0.00161043             0
      0.18801     -0.017245    0.00160234             0
     0.188373    -0.0176004    0.00159426             0
     0.188736    -0.0179559    0.00158617             0
     0.189099    -0.0183114    0.00157808             0
     0.189462    -0.0186668    0.00156999             0
     0.189825    -0.0190167     0.0015617             0
     0.190188    -0.0193651    0.00155335             0
     0.190551    -0.0197134      0.001545             0
     0.190914    -0.0200618    0.00153665             0
     0.191277    -0.0204101    0.00152829             0
      0.19164    -0.0207563    0.00151973             0
     0.192003    -0.0210965    0.00151058             0
     0.192365    -0.0214368    0.00150143             0
     0.192728     -0.021777    0.00149228             0
     0.193091    -0.0221173    0.00148313             0
     0.193454    -0.0224575    0.00147398             0
     0.193817    -0.0227902    0.00146369             0
      0.19418    -0.0231198    0.00145291             0
     0.194543    -0.0234495    0.00144214             0
     0.194906    -0.0237791    0.00143137             0
     0.195269    -0.0241087    0.00142059             0
     0.195632    -0.0244369    0.00140937             0
     0.195995    -0.0247531    0.00139428             0
     0.196358    -0.0250692    0.00137919             0
     0.196721    -0.0253854     0.0013641             0
     0.197084    -0.0257016      0.001349             0
     0.197447    -0.0260178    0.00133391             0
      0.19781    -0.0263207    0.00131544   1.54206e-21
     0.198173     -0.026608    0.00129299   4.90102e-21
     0.198536    -0.0268952    0.00127054   8.25998e-21
     0.198899    -0.0271825    0.00124809   1.16189e-20
     0.199262    -0.0274698    0.00122563   1.49779e-20
     0.199625    -0.0277571    0.00120318   1.83369e-20
     0.199987    -0.0280253    0.00116013   1.91268e-20
      0.20035    -0.0282877    0.00111092   1.91479e-20
     0.200713    -0.0285501    0.00106171   1.91689e-20
     0.201076    -0.0288125    0.00101249   1.91899e-20
     0.201439     -0.029075   0.000963277    1.9211e-20
     0.201802    -0.0293306   0.000912053   1.91116e-20
     0.202165    -0.0294054   0.000806903   1.57834e-20
     0.202528    -0.0294801   0.000701752   1.24552e-20
     0.202891    -0.0295548   0.000596602   9.12702e-21
     0.203254    -0.0296295   0.000491451   5.79882e-21
     0.203617    -0.0297043   0.000386301   2.47061e-21
      0.20398    -0.0298008   0.000290533  -5.42919e-20
     0.204343    -0.0299602   0.000221795  -2.64991e-19
     0.204706    -0.0301196   0.000153057   -4.7569e-19
     0.205069     -0.030279   8.43188e-05   -6.8639e-19
     0.205432    -0.0304384   1.55807e-05  -8.97089e-19
     0.205795    -0.0305978  -5.31574e-05  -1.10779e-18
