#           x           U_x           U_y           U_z
            0             0             0             0
  0.000362954   7.84087e-06  -1.82424e-05  -1.48461e-21
  0.000725907   2.68576e-05  -2.94106e-05   1.31323e-21
   0.00108886   4.31426e-05  -2.60431e-05             0
   0.00145181   4.31426e-05  -2.60431e-05             0
   0.00181477   5.34999e-05  -1.56606e-05             0
   0.00217772    5.5775e-05  -3.17968e-06             0
   0.00254068    5.5775e-05  -3.17968e-06             0
   0.00290363   4.97811e-05   8.20629e-06  -6.88028e-22
   0.00326658   3.73565e-05   1.68817e-05             0
   0.00362954   3.73565e-05   1.68817e-05             0
   0.00399249   2.00024e-05   2.27111e-05             0
   0.00435544  -1.04438e-06   2.63031e-05             0
    0.0047184  -1.04438e-06   2.63031e-05             0
   0.00508135  -2.48632e-05   2.84782e-05             0
   0.00544431  -2.48632e-05   2.84782e-05             0
   0.00580726  -5.09193e-05    2.9946e-05   3.95652e-22
   0.00617021  -7.89163e-05   3.11459e-05             0
   0.00653317  -7.89163e-05   3.11459e-05             0
   0.00689612  -0.000108681   3.22842e-05             0
   0.00725907  -0.000140119   3.34344e-05             0
   0.00762203  -0.000140119   3.34344e-05             0
   0.00798498  -0.000173171   3.46071e-05             0
   0.00834793  -0.000173171   3.46071e-05             0
   0.00871089  -0.000207793   3.57929e-05   2.14501e-22
   0.00907384  -0.000243943   3.69763e-05             0
    0.0094368  -0.000243943   3.69763e-05             0
   0.00979975   -0.00028158   3.81422e-05             0
    0.0101627   -0.00028158   3.81422e-05             0
    0.0105257  -0.000320659   3.92726e-05             0
    0.0108886  -0.000361138    4.0345e-05             0
    0.0112516  -0.000361138    4.0345e-05             0
    0.0116145  -0.000402959   4.13292e-05             0
    0.0119775  -0.000402959   4.13292e-05             0
    0.0123404  -0.000446069   4.21872e-05             0
    0.0127034    -0.0004904   4.28769e-05             0
    0.0130663    -0.0004904   4.28769e-05             0
    0.0134293  -0.000535874   4.33557e-05   1.24739e-22
    0.0137922  -0.000535874   4.33557e-05   1.24739e-22
    0.0141552  -0.000582397   4.35937e-05  -1.19287e-22
    0.0145181  -0.000582397   4.35937e-05  -1.19287e-22
    0.0148811  -0.000629875   4.35826e-05   1.14506e-22
    0.0152441    -0.0006782   4.33657e-05   1.10305e-22
     0.015607    -0.0006782   4.33657e-05   1.10305e-22
      0.01597  -0.000727292   4.30567e-05             0
    0.0163329  -0.000727292   4.30567e-05             0
    0.0166959  -0.000777147   4.28876e-05             0
    0.0170588  -0.000777147   4.28876e-05             0
    0.0174218  -0.000827905   4.32621e-05  -1.00498e-22
    0.0177847  -0.000879759   4.48496e-05  -9.80345e-23
    0.0181477  -0.000879759   4.48496e-05  -9.80345e-23
    0.0185106  -0.000932777   4.80692e-05             0
    0.0188736  -0.000932777   4.80692e-05             0
    0.0192365  -0.000986914   5.31914e-05             0
    0.0195995  -0.000986914   5.31914e-05             0
    0.0199625   -0.00104218   6.16183e-05  -9.21837e-23
    0.0203254   -0.00104218   6.16183e-05  -9.21837e-23
    0.0206884    -0.0010991   7.28105e-05             0
    0.0210513    -0.0010991   7.28105e-05             0
    0.0214143   -0.00115828   8.45984e-05             0
    0.0217772   -0.00115828   8.45984e-05             0
    0.0221402   -0.00121967   0.000102416   8.81875e-23
    0.0225031   -0.00121967   0.000102416   8.81875e-23
    0.0228661   -0.00128352   0.000120199             0
     0.023229   -0.00128352   0.000120199             0
     0.023592   -0.00135293   0.000131215   8.76581e-23
    0.0239549   -0.00135293   0.000131215   8.76581e-23
    0.0243179   -0.00142443   0.000162124   1.89676e-22
    0.0246809   -0.00150114   0.000122082             0
    0.0250438   -0.00150114   0.000122082             0
    0.0254068   -0.00157705   3.71684e-05             0
    0.0257697   -0.00157705   3.71684e-05             0
    0.0261327    -0.0016334   4.36409e-05             0
    0.0264956    -0.0016334   4.36409e-05             0
    0.0268586   -0.00169839   5.71528e-05             0
    0.0272215   -0.00169839   5.71528e-05             0
    0.0275845   -0.00169839   5.71528e-05             0
    0.0279474   -0.00177014   6.34647e-05             0
    0.0283104   -0.00177014   6.34647e-05             0
    0.0286733   -0.00184462   6.28154e-05   2.08257e-22
    0.0290363   -0.00184462   6.28154e-05   2.08257e-22
    0.0293992   -0.00191838   6.32206e-05   2.02323e-22
    0.0297622   -0.00191838   6.32206e-05   2.02323e-22
    0.0301252   -0.00199316   6.33815e-05   1.96753e-22
    0.0304881   -0.00199316   6.33815e-05   1.96753e-22
    0.0308511   -0.00206827   6.33106e-05             0
     0.031214   -0.00206827   6.33106e-05             0
     0.031577   -0.00214355   6.30375e-05   -1.8661e-22
    0.0319399   -0.00214355   6.30375e-05   -1.8661e-22
    0.0323029   -0.00221889   6.26427e-05             0
    0.0326658   -0.00221889   6.26427e-05             0
    0.0330288   -0.00229418   6.21643e-05   1.77664e-22
    0.0333917   -0.00229418   6.21643e-05   1.77664e-22
    0.0337547   -0.00236936   6.16337e-05   1.73584e-22
    0.0341176   -0.00236936   6.16337e-05   1.73584e-22
    0.0344806   -0.00236936   6.16337e-05   1.73584e-22
    0.0348436    -0.0024444   6.10655e-05             0
    0.0352065    -0.0024444   6.10655e-05             0
    0.0355695   -0.00251924   6.04706e-05             0
    0.0359324   -0.00251924   6.04706e-05             0
    0.0362954   -0.00259384   5.98542e-05             0
    0.0366583   -0.00259384   5.98542e-05             0
    0.0370213    -0.0026682   5.92192e-05   1.59407e-22
    0.0373842    -0.0026682   5.92192e-05   1.59407e-22
    0.0377472   -0.00274227   5.85661e-05             0
    0.0381101   -0.00274227   5.85661e-05             0
    0.0384731   -0.00274227   5.85661e-05             0
     0.038836   -0.00281601   5.78947e-05             0
     0.039199   -0.00281601   5.78947e-05             0
     0.039562   -0.00288941    5.7203e-05             0
    0.0399249   -0.00288941    5.7203e-05             0
    0.0402879   -0.00296242   5.64897e-05             0
    0.0406508   -0.00296242   5.64897e-05             0
    0.0410138   -0.00296242   5.64897e-05             0
    0.0413767     -0.003035   5.57518e-05             0
    0.0417397     -0.003035   5.57518e-05             0
    0.0421026   -0.00310713   5.49873e-05             0
    0.0424656   -0.00310713   5.49873e-05             0
    0.0428285   -0.00317874   5.41932e-05             0
    0.0431915   -0.00317874   5.41932e-05             0
    0.0435544   -0.00317874   5.41932e-05             0
    0.0439174   -0.00324979   5.33679e-05             0
    0.0442804   -0.00324979   5.33679e-05             0
    0.0446433   -0.00332022   5.25081e-05  -1.36107e-22
    0.0450063   -0.00332022   5.25081e-05  -1.36107e-22
    0.0453692   -0.00338997   5.16128e-05             0
    0.0457322   -0.00338997   5.16128e-05             0
    0.0460951   -0.00338997   5.16128e-05             0
    0.0464581   -0.00345901   5.06792e-05             0
     0.046821   -0.00345901   5.06792e-05             0
     0.047184   -0.00352726   4.97069e-05   1.30027e-22
    0.0475469   -0.00352726   4.97069e-05   1.30027e-22
    0.0479099   -0.00352726   4.97069e-05   1.30027e-22
    0.0482728   -0.00359463   4.86935e-05   1.28127e-22
    0.0486358   -0.00359463   4.86935e-05   1.28127e-22
    0.0489987   -0.00366109   4.76389e-05             0
    0.0493617   -0.00366109   4.76389e-05             0
    0.0497247   -0.00366109   4.76389e-05             0
    0.0500876   -0.00372657   4.65415e-05  -1.24485e-22
    0.0504506   -0.00372657   4.65415e-05  -1.24485e-22
    0.0508135   -0.00379097   4.54016e-05   1.22733e-22
    0.0511765   -0.00379097   4.54016e-05   1.22733e-22
    0.0515394   -0.00379097   4.54016e-05   1.22733e-22
    0.0519024   -0.00385423   4.42176e-05             0
    0.0522653   -0.00385423   4.42176e-05             0
    0.0526283   -0.00391627    4.2991e-05  -1.19346e-22
    0.0529912   -0.00391627    4.2991e-05  -1.19346e-22
    0.0533542   -0.00391627    4.2991e-05  -1.19346e-22
    0.0537171   -0.00397704   4.17204e-05             0
    0.0540801   -0.00397704   4.17204e-05             0
    0.0544431   -0.00397704   4.17204e-05             0
     0.054806   -0.00403643    4.0408e-05             0
     0.055169   -0.00403643    4.0408e-05             0
    0.0555319   -0.00409438    3.9053e-05   1.14493e-22
    0.0558949   -0.00409438    3.9053e-05   1.14493e-22
    0.0562578   -0.00409438    3.9053e-05   1.14493e-22
    0.0566208   -0.00415082   3.76571e-05             0
    0.0569837   -0.00415082   3.76571e-05             0
    0.0573467   -0.00273535   3.15229e-05  -2.58049e-23
    0.0577096   -0.00420565   3.62199e-05  -1.11365e-22
    0.0580726   -0.00420565   3.62199e-05  -1.11365e-22
    0.0584355   -0.00425881   3.47436e-05             0
    0.0587985   -0.00425881   3.47436e-05             0
    0.0591615   -0.00425881   3.47436e-05             0
    0.0595244   -0.00431022   3.32275e-05   1.08289e-22
    0.0598874   -0.00431022   3.32275e-05   1.08289e-22
    0.0602503   -0.00431022   3.32275e-05   1.08289e-22
    0.0606133   -0.00435978   3.16736e-05   1.06762e-22
    0.0609762   -0.00435978   3.16736e-05   1.06762e-22
    0.0613392   -0.00440743   3.00806e-05   1.05239e-22
    0.0617021   -0.00440743   3.00806e-05   1.05239e-22
    0.0620651   -0.00440743   3.00806e-05   1.05239e-22
     0.062428   -0.00445311   2.84499e-05   2.07432e-22
     0.062791   -0.00445311   2.84499e-05   2.07432e-22
    0.0631539   -0.00445311   2.84499e-05   2.07432e-22
    0.0635169    -0.0044967   2.67797e-05  -2.04378e-22
    0.0638798    -0.0044967   2.67797e-05  -2.04378e-22
    0.0642428    -0.0044967   2.67797e-05  -2.04378e-22
    0.0646058   -0.00453816   2.50691e-05             0
    0.0649687   -0.00453816   2.50691e-05             0
    0.0653317   -0.00453816   2.50691e-05             0
    0.0656946    -0.0045774   2.33125e-05             0
    0.0660576    -0.0045774   2.33125e-05             0
    0.0664205   -0.00461431   2.15048e-05             0
    0.0667835   -0.00461431   2.15048e-05             0
    0.0671464   -0.00461431   2.15048e-05             0
    0.0675094   -0.00464885   1.96349e-05  -1.91998e-22
    0.0678723   -0.00464885   1.96349e-05  -1.91998e-22
    0.0682353   -0.00464885   1.96349e-05  -1.91998e-22
    0.0685982   -0.00468088   1.76888e-05  -1.88833e-22
    0.0689612   -0.00468088   1.76888e-05  -1.88833e-22
    0.0693242   -0.00468088   1.76888e-05  -1.88833e-22
    0.0696871   -0.00471036   1.56494e-05   1.85634e-22
    0.0700501   -0.00471036   1.56494e-05   1.85634e-22
     0.070413   -0.00471036   1.56494e-05   1.85634e-22
     0.070776   -0.00473713   1.34972e-05             0
    0.0711389   -0.00473713   1.34972e-05             0
    0.0715019   -0.00473713   1.34972e-05             0
    0.0718648   -0.00476108   1.12123e-05  -1.79109e-22
    0.0722278   -0.00476108   1.12123e-05  -1.79109e-22
    0.0725907   -0.00476108   1.12123e-05  -1.79109e-22
    0.0729537   -0.00478206   8.78708e-06  -1.75778e-22
    0.0733166   -0.00478206   8.78708e-06  -1.75778e-22
    0.0736796   -0.00478206   8.78708e-06  -1.75778e-22
    0.0740426   -0.00479995   6.25664e-06  -1.72403e-22
    0.0744055   -0.00479995   6.25664e-06  -1.72403e-22
    0.0747685   -0.00479995   6.25664e-06  -1.72403e-22
    0.0751314   -0.00481457    3.7353e-06             0
    0.0754944   -0.00481457    3.7353e-06             0
    0.0758573   -0.00481457    3.7353e-06             0
    0.0762203   -0.00482566   1.41233e-06             0
    0.0765832   -0.00482566   1.41233e-06             0
    0.0769462   -0.00482566   1.41233e-06             0
    0.0773091   -0.00483305  -5.43966e-07             0
    0.0776721   -0.00483305  -5.43966e-07             0
     0.078035   -0.00483305  -5.43966e-07             0
     0.078398    -0.0048378  -2.26289e-06  -1.58196e-22
     0.078761    -0.0048378  -2.26289e-06  -1.58196e-22
    0.0791239    -0.0048378  -2.26289e-06  -1.58196e-22
    0.0794869    -0.0048397   -3.9369e-06             0
    0.0798498    -0.0048397   -3.9369e-06             0
    0.0802128    -0.0048397   -3.9369e-06             0
    0.0805757    -0.0048397   -3.9369e-06             0
    0.0809387   -0.00483884  -5.58682e-06             0
    0.0813016   -0.00483884  -5.58682e-06             0
    0.0816646   -0.00483884  -5.58682e-06             0
    0.0820275    -0.0048352  -7.23017e-06   1.46506e-22
    0.0823905    -0.0048352  -7.23017e-06   1.46506e-22
    0.0827534    -0.0048352  -7.23017e-06   1.46506e-22
    0.0831164   -0.00482874  -8.86886e-06             0
    0.0834793   -0.00482874  -8.86886e-06             0
    0.0838423   -0.00482874  -8.86886e-06             0
    0.0842053   -0.00481945  -1.05022e-05             0
    0.0845682   -0.00481945  -1.05022e-05             0
    0.0849312   -0.00481945  -1.05022e-05             0
    0.0852941   -0.00481945  -1.05022e-05             0
    0.0856571   -0.00480731  -1.21302e-05   1.33812e-22
      0.08602   -0.00480731  -1.21302e-05   1.33812e-22
     0.086383   -0.00480731  -1.21302e-05   1.33812e-22
    0.0867459   -0.00479228  -1.37502e-05             0
    0.0871089   -0.00479228  -1.37502e-05             0
    0.0874718   -0.00479228  -1.37502e-05             0
    0.0878348   -0.00477434  -1.53627e-05             0
    0.0881977   -0.00477434  -1.53627e-05             0
    0.0885607   -0.00477434  -1.53627e-05             0
    0.0889237   -0.00475348  -1.69648e-05  -1.19971e-22
    0.0892866   -0.00475348  -1.69648e-05  -1.19971e-22
    0.0896496   -0.00475348  -1.69648e-05  -1.19971e-22
    0.0900125   -0.00475348  -1.69648e-05  -1.19971e-22
    0.0903755   -0.00472969  -1.85575e-05  -1.15077e-22
    0.0907384   -0.00472969  -1.85575e-05  -1.15077e-22
    0.0911014   -0.00472969  -1.85575e-05  -1.15077e-22
    0.0914643   -0.00470298  -2.01376e-05             0
    0.0918273   -0.00470298  -2.01376e-05             0
    0.0921902   -0.00470298  -2.01376e-05             0
    0.0925532   -0.00470298  -2.01376e-05             0
    0.0929161    -0.0046733  -2.17063e-05   1.04835e-22
    0.0932791    -0.0046733  -2.17063e-05   1.04835e-22
    0.0936421    -0.0046733  -2.17063e-05   1.04835e-22
     0.094005   -0.00464068  -2.32601e-05             0
     0.094368   -0.00464068  -2.32601e-05             0
    0.0947309   -0.00464068  -2.32601e-05             0
    0.0950939   -0.00349458  -2.12991e-05   4.06589e-24
    0.0954568   -0.00460511  -2.48003e-05  -9.39465e-23
    0.0958198   -0.00460511  -2.48003e-05  -9.39465e-23
    0.0961827   -0.00460511  -2.48003e-05  -9.39465e-23
    0.0965457   -0.00456659  -2.63235e-05             0
    0.0969086   -0.00456659  -2.63235e-05             0
    0.0972716   -0.00456659  -2.63235e-05             0
    0.0976345   -0.00456659  -2.63235e-05             0
    0.0979975   -0.00452513   -2.7831e-05  -8.23591e-23
    0.0983605   -0.00452513   -2.7831e-05  -8.23591e-23
    0.0987234   -0.00452513   -2.7831e-05  -8.23591e-23
    0.0990864   -0.00448071  -2.93196e-05  -7.62859e-23
    0.0994493   -0.00448071  -2.93196e-05  -7.62859e-23
    0.0998123   -0.00448071  -2.93196e-05  -7.62859e-23
     0.100175   -0.00448071  -2.93196e-05  -7.62859e-23
     0.100538   -0.00443338  -3.07902e-05             0
     0.100901   -0.00443338  -3.07902e-05             0
     0.101264   -0.00443338  -3.07902e-05             0
     0.101627   -0.00438314  -3.22398e-05             0
      0.10199   -0.00438314  -3.22398e-05             0
     0.102353   -0.00438314  -3.22398e-05             0
     0.102716   -0.00438314  -3.22398e-05             0
     0.103079      -0.00433    -3.367e-05             0
     0.103442      -0.00433    -3.367e-05             0
     0.103805      -0.00433    -3.367e-05             0
     0.104168      -0.00433    -3.367e-05             0
     0.104531   -0.00427401  -3.50785e-05             0
     0.104894   -0.00427401  -3.50785e-05             0
     0.105257   -0.00427401  -3.50785e-05             0
      0.10562   -0.00421517  -3.64661e-05             0
     0.105982   -0.00421517  -3.64661e-05             0
     0.106345   -0.00421517  -3.64661e-05             0
     0.106708   -0.00421517  -3.64661e-05             0
     0.107071   -0.00415352   -3.7829e-05             0
     0.107434   -0.00415352   -3.7829e-05             0
     0.107797   -0.00415352   -3.7829e-05             0
      0.10816   -0.00415352   -3.7829e-05             0
     0.108523   -0.00408909   -3.9168e-05             0
     0.108886   -0.00408909   -3.9168e-05             0
     0.109249   -0.00408909   -3.9168e-05             0
     0.109612   -0.00402192  -4.04796e-05  -1.99292e-23
     0.109975   -0.00402192  -4.04796e-05  -1.99292e-23
     0.110338   -0.00402192  -4.04796e-05  -1.99292e-23
     0.110701   -0.00402192  -4.04796e-05  -1.99292e-23
     0.111064   -0.00395201   -4.1767e-05   1.17704e-23
     0.111427   -0.00395201   -4.1767e-05   1.17704e-23
      0.11179   -0.00395201   -4.1767e-05   1.17704e-23
     0.112153   -0.00395201   -4.1767e-05   1.17704e-23
     0.112516   -0.00387945   -4.3028e-05             0
     0.112879   -0.00387945   -4.3028e-05             0
     0.113242   -0.00387945   -4.3028e-05             0
     0.113605   -0.00387945   -4.3028e-05             0
     0.113967   -0.00380424  -4.42668e-05             0
      0.11433   -0.00380424  -4.42668e-05             0
     0.114693   -0.00380424  -4.42668e-05             0
     0.115056   -0.00380424  -4.42668e-05             0
     0.115419   -0.00372646  -4.54786e-05             0
     0.115782   -0.00372646  -4.54786e-05             0
     0.116145   -0.00372646  -4.54786e-05             0
     0.116508   -0.00372646  -4.54786e-05             0
     0.116871   -0.00364616  -4.66638e-05             0
     0.117234   -0.00364616  -4.66638e-05             0
     0.117597   -0.00364616  -4.66638e-05             0
      0.11796   -0.00364616  -4.66638e-05             0
     0.118323   -0.00356334  -4.78208e-05  -6.71509e-23
     0.118686   -0.00356334  -4.78208e-05  -6.71509e-23
     0.119049   -0.00356334  -4.78208e-05  -6.71509e-23
     0.119412   -0.00356334  -4.78208e-05  -6.71509e-23
     0.119775   -0.00347812  -4.89502e-05             0
     0.120138   -0.00347812  -4.89502e-05             0
     0.120501   -0.00347812  -4.89502e-05             0
     0.120864   -0.00347812  -4.89502e-05             0
     0.121227   -0.00339054  -5.00521e-05   1.08264e-22
     0.121589   -0.00339054  -5.00521e-05   1.08264e-22
     0.121952   -0.00339054  -5.00521e-05   1.08264e-22
     0.122315   -0.00339054  -5.00521e-05   1.08264e-22
     0.122678   -0.00330064  -5.11329e-05      -1.3e-22
     0.123041   -0.00330064  -5.11329e-05      -1.3e-22
     0.123404   -0.00330064  -5.11329e-05      -1.3e-22
     0.123767   -0.00330064  -5.11329e-05      -1.3e-22
      0.12413    -0.0032085  -5.21855e-05             0
     0.124493    -0.0032085  -5.21855e-05             0
     0.124856    -0.0032085  -5.21855e-05             0
     0.125219    -0.0032085  -5.21855e-05             0
     0.125582   -0.00311418  -5.32091e-05             0
     0.125945   -0.00311418  -5.32091e-05             0
     0.126308   -0.00311418  -5.32091e-05             0
     0.126671   -0.00311418  -5.32091e-05             0
     0.127034   -0.00301776  -5.42059e-05             0
     0.127397   -0.00301776  -5.42059e-05             0
      0.12776   -0.00301776  -5.42059e-05             0
     0.128123   -0.00301776  -5.42059e-05             0
     0.128486   -0.00291933  -5.51762e-05   2.25864e-22
     0.128849   -0.00291933  -5.51762e-05   2.25864e-22
     0.129212   -0.00291933  -5.51762e-05   2.25864e-22
     0.129574   -0.00291933  -5.51762e-05   2.25864e-22
     0.129937   -0.00281893  -5.61209e-05    2.5233e-22
       0.1303   -0.00281893  -5.61209e-05    2.5233e-22
     0.130663   -0.00281893  -5.61209e-05    2.5233e-22
     0.131026   -0.00281893  -5.61209e-05    2.5233e-22
     0.131389   -0.00281893  -5.61209e-05    2.5233e-22
     0.131752   -0.00271664  -5.70404e-05             0
     0.132115   -0.00271664  -5.70404e-05             0
     0.132478   -0.00271664  -5.70404e-05             0
     0.132841   -0.00271664  -5.70404e-05             0
     0.133204   -0.00261257  -5.79347e-05    3.0869e-22
     0.133567   -0.00261257  -5.79347e-05    3.0869e-22
      0.13393   -0.00261257  -5.79347e-05    3.0869e-22
     0.134293   -0.00261257  -5.79347e-05    3.0869e-22
     0.134656   -0.00250677  -5.88039e-05   3.38733e-22
     0.135019   -0.00250677  -5.88039e-05   3.38733e-22
     0.135382   -0.00250677  -5.88039e-05   3.38733e-22
     0.135745   -0.00250677  -5.88039e-05   3.38733e-22
     0.136108   -0.00250677  -5.88039e-05   3.38733e-22
     0.136471   -0.00239932   -5.9649e-05  -3.70126e-22
     0.136834   -0.00239932   -5.9649e-05  -3.70126e-22
     0.137196   -0.00239932   -5.9649e-05  -3.70126e-22
     0.137559   -0.00239932   -5.9649e-05  -3.70126e-22
     0.137922   -0.00229033  -6.04705e-05             0
     0.138285   -0.00229033  -6.04705e-05             0
     0.138648   -0.00229033  -6.04705e-05             0
     0.139011   -0.00229033  -6.04705e-05             0
     0.139374   -0.00217985    -6.127e-05             0
     0.139737   -0.00217985    -6.127e-05             0
       0.1401   -0.00217985    -6.127e-05             0
     0.140463   -0.00217985    -6.127e-05             0
     0.140826   -0.00217985    -6.127e-05             0
     0.141189   -0.00206796  -6.20478e-05  -4.73388e-22
     0.141552   -0.00206796  -6.20478e-05  -4.73388e-22
     0.141915   -0.00206796  -6.20478e-05  -4.73388e-22
     0.142278   -0.00206796  -6.20478e-05  -4.73388e-22
     0.142641   -0.00195478  -6.28056e-05             0
     0.143004   -0.00195478  -6.28056e-05             0
     0.143367   -0.00195478  -6.28056e-05             0
      0.14373   -0.00195478  -6.28056e-05             0
     0.144093   -0.00195478  -6.28056e-05             0
     0.144456   -0.00184035  -6.35441e-05             0
     0.144819   -0.00184035  -6.35441e-05             0
     0.145181   -0.00184035  -6.35441e-05             0
     0.145544   -0.00184035  -6.35441e-05             0
     0.145907   -0.00172476  -6.42653e-05             0
      0.14627   -0.00172476  -6.42653e-05             0
     0.146633   -0.00172476  -6.42653e-05             0
     0.146996   -0.00172476  -6.42653e-05             0
     0.147359   -0.00172476  -6.42653e-05             0
     0.147722    -0.0016081  -6.49701e-05             0
     0.148085    -0.0016081  -6.49701e-05             0
     0.148448    -0.0016081  -6.49701e-05             0
     0.148811    -0.0016081  -6.49701e-05             0
     0.149174    -0.0016081  -6.49701e-05             0
     0.149537   -0.00149045  -6.56612e-05    6.8314e-22
       0.1499   -0.00149045  -6.56612e-05    6.8314e-22
     0.150263   -0.00149045  -6.56612e-05    6.8314e-22
     0.150626   -0.00149045  -6.56612e-05    6.8314e-22
     0.150989   -0.00137188  -6.63392e-05   7.32167e-22
     0.151352   -0.00137188  -6.63392e-05   7.32167e-22
     0.151715   -0.00137188  -6.63392e-05   7.32167e-22
     0.152078   -0.00137188  -6.63392e-05   7.32167e-22
     0.152441   -0.00137188  -6.63392e-05   7.32167e-22
     0.152804   -0.00125247   -6.7008e-05             0
     0.153166   -0.00125247   -6.7008e-05             0
     0.153529   -0.00125247   -6.7008e-05             0
     0.153892   -0.00125247   -6.7008e-05             0
     0.154255   -0.00125247   -6.7008e-05             0
     0.154618    -0.0011323  -6.76682e-05   8.38983e-22
     0.154981    -0.0011323  -6.76682e-05   8.38983e-22
     0.155344    -0.0011323  -6.76682e-05   8.38983e-22
     0.155707    -0.0011323  -6.76682e-05   8.38983e-22
      0.15607   -0.00101143  -6.83241e-05             0
     0.156433   -0.00101143  -6.83241e-05             0
     0.156796   -0.00101143  -6.83241e-05             0
     0.157159   -0.00101143  -6.83241e-05             0
     0.157522   -0.00101143  -6.83241e-05             0
     0.157885  -0.000889936  -6.89765e-05             0
     0.158248  -0.000889936  -6.89765e-05             0
     0.158611  -0.000889936  -6.89765e-05             0
     0.158974  -0.000889936  -6.89765e-05             0
     0.159337  -0.000889936  -6.89765e-05             0
       0.1597  -0.000767887  -6.96279e-05   1.02547e-21
     0.160063  -0.000767887  -6.96279e-05   1.02547e-21
     0.160426  -0.000767887  -6.96279e-05   1.02547e-21
     0.160788  -0.000767887  -6.96279e-05   1.02547e-21
     0.161151  -0.000767887  -6.96279e-05   1.02547e-21
     0.161514   -0.00064535  -7.02788e-05             0
     0.161877   -0.00064535  -7.02788e-05             0
      0.16224   -0.00064535  -7.02788e-05             0
     0.162603   -0.00064535  -7.02788e-05             0
     0.162966   -0.00064535  -7.02788e-05             0
     0.163329   -0.00052239  -7.09362e-05   1.17164e-21
     0.163692   -0.00052239  -7.09362e-05   1.17164e-21
     0.164055   -0.00052239  -7.09362e-05   1.17164e-21
     0.164418   -0.00052239  -7.09362e-05   1.17164e-21
     0.164781   -0.00052239  -7.09362e-05   1.17164e-21
     0.165144   -0.00039907  -7.16216e-05             0
     0.165507   -0.00039907  -7.16216e-05             0
      0.16587   -0.00039907  -7.16216e-05             0
     0.166233   -0.00039907  -7.16216e-05             0
     0.166596   -0.00039907  -7.16216e-05             0
     0.166959  -0.000275448  -7.23651e-05             0
     0.167322  -0.000275448  -7.23651e-05             0
     0.167685  -0.000275448  -7.23651e-05             0
     0.168048  -0.000275448  -7.23651e-05             0
     0.168411  -0.000275448  -7.23651e-05             0
     0.168773  -0.000151588  -7.30893e-05   1.43435e-21
     0.169136  -0.000151588  -7.30893e-05   1.43435e-21
     0.169499  -0.000151588  -7.30893e-05   1.43435e-21
     0.169862  -0.000151588  -7.30893e-05   1.43435e-21
     0.170225  -0.000151588  -7.30893e-05   1.43435e-21
     0.170588  -2.75511e-05  -7.32878e-05             0
     0.170951  -2.75511e-05  -7.32878e-05             0
     0.171314  -2.75511e-05  -7.32878e-05             0
     0.171677  -2.75511e-05  -7.32878e-05             0
      0.17204  -2.75511e-05  -7.32878e-05             0
     0.172403    9.6498e-05  -7.21467e-05   1.52334e-21
     0.172766    9.6498e-05  -7.21467e-05   1.52334e-21
     0.173129    9.6498e-05  -7.21467e-05   1.52334e-21
     0.173492    9.6498e-05  -7.21467e-05   1.52334e-21
     0.173855    9.6498e-05  -7.21467e-05   1.52334e-21
     0.174218    0.00022063  -7.01663e-05             0
     0.174581    0.00022063  -7.01663e-05             0
     0.174944    0.00022063  -7.01663e-05             0
     0.175307    0.00022063  -7.01663e-05             0
      0.17567    0.00022063  -7.01663e-05             0
     0.176033   0.000344735  -6.81943e-05             0
     0.176395   0.000344735  -6.81943e-05             0
     0.176758   0.000344735  -6.81943e-05             0
     0.177121   0.000344735  -6.81943e-05             0
     0.177484   0.000344735  -6.81943e-05             0
     0.177847   0.000344735  -6.81943e-05             0
      0.17821   0.000468769  -6.63467e-05             0
     0.178573   0.000468769  -6.63467e-05             0
     0.178936   0.000468769  -6.63467e-05             0
     0.179299   0.000468769  -6.63467e-05             0
     0.179662   0.000468769  -6.63467e-05             0
     0.180025   0.000592733  -6.46099e-05  -1.39324e-21
     0.180388   0.000592733  -6.46099e-05  -1.39324e-21
     0.180751   0.000592733  -6.46099e-05  -1.39324e-21
     0.181114   0.000592733  -6.46099e-05  -1.39324e-21
     0.181477   0.000592733  -6.46099e-05  -1.39324e-21
      0.18184   0.000716649  -6.29652e-05             0
     0.182203   0.000716649  -6.29652e-05             0
     0.182566   0.000716649  -6.29652e-05             0
     0.182929   0.000716649  -6.29652e-05             0
     0.183292   0.000716649  -6.29652e-05             0
     0.183655   0.000840516  -6.13899e-05   1.34201e-21
     0.184018   0.000840516  -6.13899e-05   1.34201e-21
      0.18438   0.000840516  -6.13899e-05   1.34201e-21
     0.184743   0.000840516  -6.13899e-05   1.34201e-21
     0.185106   0.000840516  -6.13899e-05   1.34201e-21
     0.185469   0.000840516  -6.13899e-05   1.34201e-21
     0.185832   0.000964308  -5.98616e-05             0
     0.186195   0.000964308  -5.98616e-05             0
     0.186558   0.000964308  -5.98616e-05             0
     0.186921   0.000964308  -5.98616e-05             0
     0.187284   0.000964308  -5.98616e-05             0
     0.187647    0.00108794  -5.83495e-05             0
      0.18801    0.00108794  -5.83495e-05             0
     0.188373    0.00108794  -5.83495e-05             0
     0.188736    0.00108794  -5.83495e-05             0
     0.189099    0.00108794  -5.83495e-05             0
     0.189462    0.00108794  -5.83495e-05             0
     0.189825    0.00121128  -5.68105e-05             0
     0.190188    0.00121128  -5.68105e-05             0
     0.190551    0.00121128  -5.68105e-05             0
     0.190914    0.00121128  -5.68105e-05             0
     0.191277    0.00121128  -5.68105e-05             0
      0.19164    0.00133403  -5.51745e-05             0
     0.192003    0.00133403  -5.51745e-05             0
     0.192365    0.00133403  -5.51745e-05             0
     0.192728    0.00133403  -5.51745e-05             0
     0.193091    0.00133403  -5.51745e-05             0
     0.193454    0.00133403  -5.51745e-05             0
     0.193817    0.00145574  -5.33066e-05             0
      0.19418    0.00145574  -5.33066e-05             0
     0.194543    0.00145574  -5.33066e-05             0
     0.194906    0.00145574  -5.33066e-05             0
     0.195269    0.00145574  -5.33066e-05             0
     0.195632    0.00157509  -5.09724e-05             0
     0.195995    0.00157509  -5.09724e-05             0
     0.196358    0.00157509  -5.09724e-05             0
     0.196721    0.00157509  -5.09724e-05             0
     0.197084    0.00157509  -5.09724e-05             0
     0.197447    0.00157509  -5.09724e-05             0
      0.19781    0.00169143  -4.74802e-05             0
     0.198173    0.00169143  -4.74802e-05             0
     0.198536    0.00169143  -4.74802e-05             0
     0.198899    0.00169143  -4.74802e-05             0
     0.199262    0.00169143  -4.74802e-05             0
     0.199625    0.00169143  -4.74802e-05             0
     0.199987    0.00179439  -4.16155e-05  -2.40693e-21
      0.20035    0.00179439  -4.16155e-05  -2.40693e-21
     0.200713    0.00179439  -4.16155e-05  -2.40693e-21
     0.201076    0.00179439  -4.16155e-05  -2.40693e-21
     0.201439    0.00179439  -4.16155e-05  -2.40693e-21
     0.201802    0.00189621  -2.88401e-05             0
     0.202165    0.00189621  -2.88401e-05             0
     0.202528    0.00189621  -2.88401e-05             0
     0.202891    0.00189621  -2.88401e-05             0
     0.203254    0.00189621  -2.88401e-05             0
     0.203617    0.00189621  -2.88401e-05             0
      0.20398    0.00188498   1.00799e-05             0
     0.204343    0.00188498   1.00799e-05             0
     0.204706    0.00188498   1.00799e-05             0
     0.205069    0.00188498   1.00799e-05             0
     0.205432    0.00188498   1.00799e-05             0
     0.205795    0.00188498   1.00799e-05             0
