0 -4.74342e-05
0.0142895 -3.22892e-05
0.028579 -0.000151427
0.0428685 -0.000376318
0.0571579 -0.000520815
0.0714476 -0.00061451
0.085737 -0.000665734
0.100027 -0.00064797
0.114316 -0.000594114
0.128606 -0.000513274
0.142895 -0.000397502
0.157185 -0.000268213
0.171474 -0.0001282
0.185764 2.61442e-05
0.200053 0.000185537
0.214343 0.000350338
0.228632 0.000523552
0.242922 0.000700584
0.257211 0.000883409
0.271501 0.00107295
0.28579 0.001266
0.30008 0.00146623
0.314369 0.00167107
0.328659 0.0018796
0.342948 0.00209555
0.357238 0.00231428
0.371528 0.00253832
0.385817 0.00276704
0.400106 0.00299828
0.414398 0.00323627
0.428685 0.00347637
0.442976 0.00372089
0.457264 0.00396921
0.471555 0.00421976
0.485843 0.00447552
0.500134 0.00473277
0.514421 0.00499398
0.528713 0.00525735
0.543 0.00552297
0.557291 0.00579134
0.571579 0.0060606
0.58587 0.00633264
0.600161 0.00660509
0.614449 0.00687895
0.62874 0.00715324
0.643028 0.00742808
0.657319 0.00770325
0.671606 0.00797859
0.685898 0.00825473
0.700185 0.00853105
0.714476 0.00880942
0.728764 0.00908808
0.743055 0.00936797
0.757343 0.00964829
0.771634 0.00992945
0.785925 0.0102141
0.800213 0.0105027
0.814504 0.0107958
0.828791 0.011092
0.843083 0.0113931
0.85737 0.0116962
0.871661 0.012018
0.885949 0.0123448
0.90024 0.012761
0.914528 0.013191
0.928819 0.0136345
0.943106 0.0140791
0.957398 0.0145433
0.971689 0.0150079
0.985976 0.0154141
1.00027 0.0158171
1.01456 0.0160583
1.02885 0.0163017
1.04313 0.0166503
1.05743 0.0169996
1.07171 0.0175074
1.086 0.0180151
1.10029 0.0185669
1.11458 0.0191199
1.12887 0.0196741
1.14316 0.0202285
1.15745 0.0207845
1.17174 0.0213408
1.18603 0.0219081
1.20032 0.0224785
1.21461 0.0230545
1.2289 0.0236329
1.24319 0.0242162
1.25748 0.0248028
1.27177 0.0253925
1.28606 0.0259859
1.30035 0.0265812
1.31463 0.027181
1.32893 0.0277816
1.34321 0.0283871
1.3575 0.0289926
1.3718 0.0296033
1.38608 0.0302141
1.40037 0.0308287
1.41466 0.0314444
1.42895 0.0320626
1.44324 0.0326827
1.45753 0.0333042
1.47182 0.0339284
1.48611 0.0345529
1.5004 0.0351807
1.51469 0.0358085
1.52898 0.036439
1.54327 0.0370699
1.55756 0.0377024
1.57185 0.0383361
1.58614 0.0389703
1.60043 0.0396061
1.61472 0.040242
1.629 0.0408794
1.6433 0.041517
1.65758 0.0421553
1.67187 0.0427941
1.68616 0.043433
1.70045 0.0440723
1.71474 0.0447116
1.72903 0.0453509
1.74332 0.0459902
1.75761 0.0466291
1.7719 0.0472677
1.78619 0.0479062
1.80048 0.0485434
1.81477 0.0491806
1.82906 0.0498166
1.84335 0.0504518
1.85764 0.0510865
1.87193 0.0517189
1.88622 0.0523512
1.9005 0.0529811
1.9148 0.0536099
1.92908 0.0542378
1.94337 0.0548624
1.95767 0.0554871
1.97195 0.056108
1.98624 0.0567275
2.00053 0.0573458
2.01482 0.0579595
2.02911 0.0585731
2.0434 0.0591823
2.05769 0.0597892
2.07198 0.0603953
2.08627 0.0609948
2.10056 0.0615942
2.11485 0.0621893
2.12914 0.0627804
2.14343 0.0633715
2.15772 0.0639541
2.17201 0.064536
2.1863 0.0651148
2.20059 0.0656867
2.21487 0.0662587
2.22917 0.0668234
2.24345 0.0673844
2.25774 0.0679454
2.27203 0.0684948
2.28632 0.0690441
2.30061 0.0695895
2.3149 0.0701264
2.32919 0.0706632
2.34348 0.0711919
2.35777 0.0717154
2.37206 0.0722388
2.38635 0.0727497
2.40064 0.0732589
2.41493 0.0737661
2.42922 0.0742604
2.44351 0.0747547
2.4578 0.0752432
2.47209 0.0757217
2.48637 0.0762002
2.50067 0.0766692
2.51495 0.0771311
2.52924 0.077593
2.54354 0.0780417
2.55782 0.0784863
2.57211 0.078931
2.5864 0.0793586
2.60069 0.079785
2.61498 0.0802099
2.62927 0.0806173
2.64356 0.0810247
2.65785 0.0814282
2.67214 0.0818158
2.68643 0.0822035
2.70072 0.0825849
2.71501 0.0829519
2.7293 0.0833189
2.74359 0.0836777
2.75788 0.084023
2.77217 0.0843684
2.78646 0.0847039
2.80074 0.0850265
2.81504 0.085349
2.82932 0.0856606
2.84361 0.0859592
2.8579 0.0862579
2.87219 0.0865448
2.88648 0.0868184
2.90077 0.087092
2.91506 0.0873536
2.92935 0.0876009
2.94364 0.0878483
2.95793 0.0880842
2.97222 0.0883042
2.98651 0.0885241
3.0008 0.0887344
3.01509 0.0889271
3.02938 0.0891197
3.04367 0.0893058
3.05796 0.0894739
3.07224 0.0896421
3.08654 0.0898066
3.10083 0.0899524
3.11511 0.0900982
3.12941 0.0902435
3.14369 0.0903668
3.15798 0.0904902
3.17227 0.0906136
3.18656 0.0907175
3.20085 0.0908185
3.21514 0.0909195
3.22943 0.0910052
3.24372 0.0910838
3.25801 0.0911624
3.2723 0.0912302
3.28659 0.0912863
3.30088 0.0913424
3.31517 0.091393
3.32946 0.0914267
3.34375 0.0914603
3.35804 0.0914939
3.37233 0.0915054
3.38661 0.0915165
3.40091 0.0915277
3.41519 0.091523
3.42948 0.0915117
3.44377 0.0915004
3.45806 0.0914803
3.47235 0.0914466
3.48664 0.091413
3.50093 0.091378
3.51522 0.0913221
3.52951 0.0912663
3.5438 0.0912104
3.55809 0.0911392
3.57238 0.0910614
3.58667 0.0909836
3.60096 0.0908989
3.61525 0.0907993
3.62954 0.0906997
3.64383 0.0906001
3.65811 0.0904811
3.67241 0.0903599
3.6867 0.0902388
3.70098 0.0901078
3.71528 0.0899655
3.72956 0.0898231
3.74385 0.0896808
3.75814 0.0895176
3.77243 0.0893544
3.78672 0.0891912
3.80101 0.0890176
3.8153 0.0888338
3.82959 0.08865
3.84388 0.0884663
3.85817 0.0882626
3.87246 0.0880587
3.88675 0.0878547
3.90104 0.0876422
3.91533 0.0874185
3.92962 0.0871949
3.9439 0.0869713
3.95819 0.0867311
3.97248 0.0864882
3.98677 0.0862454
4.00106 0.0859977
4.01535 0.0857361
4.02965 0.0854746
4.04394 0.085213
4.05823 0.08494
4.07252 0.0846603
4.08681 0.0843806
4.1011 0.0841009
4.11539 0.0838041
4.12969 0.0835068
4.14398 0.0832095
4.15827 0.0829074
4.17252 0.082593
4.18681 0.0822787
4.2011 0.0819644
4.21539 0.0816407
4.22969 0.08131
4.24398 0.0809793
4.25827 0.0806485
4.27256 0.0803049
4.28685 0.0799584
4.30114 0.079612
4.31543 0.0792648
4.32972 0.0789032
4.34402 0.0785416
4.35831 0.07818
4.3726 0.0778148
4.38689 0.0774388
4.40118 0.0770628
4.41547 0.0766867
4.42976 0.076305
4.44406 0.0759153
4.45835 0.0755255
4.47264 0.0751357
4.48689 0.0747389
4.50118 0.0743363
4.51547 0.0739337
4.52976 0.0735311
4.54406 0.0731207
4.55835 0.0727061
4.57264 0.0722916
4.58693 0.0718771
4.60122 0.071454
4.61551 0.0710278
4.6298 0.0706016
4.64409 0.0701753
4.65839 0.0697404
4.67268 0.0693029
4.68697 0.0688655
4.70126 0.0684281
4.71555 0.0679825
4.72984 0.067535
4.74413 0.0670874
4.75843 0.0666398
4.77272 0.0661852
4.78697 0.0657287
4.80126 0.0652722
4.81555 0.0648157
4.82984 0.0643535
4.84413 0.0638891
4.85843 0.0634247
4.87272 0.0629604
4.88701 0.062491
4.9013 0.062019
4.91559 0.061547
4.92988 0.0610749
4.94417 0.0605991
4.95846 0.0601201
4.97276 0.0596411
4.98705 0.0591621
5.00134 0.0586807
5.01563 0.0581959
5.02992 0.057711
5.04421 0.0572261
5.0585 0.05674
5.0728 0.05625
5.08709 0.05576
5.10134 0.05527
5.11563 0.0547798
5.12992 0.0542854
5.14421 0.0537909
5.1585 0.0532965
5.1728 0.0528021
5.18709 0.0523048
5.20138 0.0518068
5.21567 0.0513088
5.22996 0.0508109
5.24425 0.0503114
5.25854 0.0498107
5.27283 0.0493099
5.28713 0.0488092
5.30142 0.048308
5.31571 0.0478051
5.33 0.0473022
5.34429 0.0467994
5.35858 0.0462965
5.37287 0.0457926
5.38717 0.0452884
5.40142 0.0447843
5.41571 0.0442802
5.43 0.0437757
5.44429 0.043271
5.45858 0.0427663
5.47287 0.0422616
5.48717 0.0417569
5.50146 0.0412523
5.51575 0.0407477
5.53004 0.0402431
5.54433 0.0397385
5.55862 0.0392344
5.57291 0.0387306
5.5872 0.0382268
5.6015 0.037723
5.61579 0.0372195
5.63008 0.0367172
5.64437 0.0362149
5.65866 0.0357126
5.67295 0.0352103
5.68724 0.0347094
5.70154 0.0342092
5.71579 0.033709
5.73008 0.0332088
5.74437 0.0327089
5.75866 0.0322114
5.77295 0.0317139
5.78724 0.0312164
5.80154 0.0307189
5.81583 0.0302232
5.83012 0.029729
5.84441 0.0292349
5.8587 0.0287407
5.87299 0.0282465
5.88728 0.0277559
5.90157 0.0272655
5.91587 0.0267752
5.93016 0.0262849
5.94445 0.0257958
5.95874 0.0253098
5.97303 0.0248239
5.98732 0.024338
6.00161 0.023852
6.01591 0.023369
6.03016 0.0228879
6.04445 0.0224068
6.05874 0.0219258
6.07303 0.0214447
6.08732 0.0209683
6.10161 0.0204926
6.11591 0.0200169
6.1302 0.0195411
6.14449 0.019066
6.15878 0.0185961
6.17307 0.0181261
6.18736 0.0176562
6.20165 0.0171862
6.21594 0.0167182
6.23024 0.0162544
6.24453 0.0157906
6.25882 0.0153268
6.27311 0.0148631
6.2874 0.0144023
6.30169 0.0139451
6.31598 0.0134879
6.33024 0.0130306
6.34453 0.0125734
6.35882 0.0121202
6.37311 0.0116699
6.3874 0.0112195
6.40169 0.0107692
6.41598 0.0103188
6.43028 0.00987339
6.44457 0.00943025
6.45886 0.00898711
6.47315 0.00854396
6.48744 0.00810082
6.50173 0.00766314
6.51602 0.00722746
6.53031 0.00679178
6.54461 0.0063561
6.5589 0.00592042
6.57319 0.00549038
6.58748 0.00506227
6.60177 0.00463416
6.61606 0.00420605
6.63035 0.00377794
6.64461 0.00335523
6.6589 0.00293463
6.67319 0.00251404
6.68748 0.00209344
6.70177 0.00167284
6.71606 0.00125717
6.73035 0.00084411
6.74465 0.000431051
6.75894 1.79921e-05
6.77323 -0.000395067
6.78752 -0.000804224
6.80181 -0.00121017
6.8161 -0.00161611
6.83039 -0.00202206
6.84469 -0.002428
6.85898 -0.00283128
6.87327 -0.00323063
6.88756 -0.00362998
6.90185 -0.00402933
6.91614 -0.00442868
6.93043 -0.00482661
6.94469 -0.0052195
6.95898 -0.00561239
6.97327 -0.00600529
6.98756 -0.00639818
7.00185 -0.00679107
7.01614 -0.0071777
7.03043 -0.0075643
7.04472 -0.0079509
7.05902 -0.0083375
7.07331 -0.0087241
7.0876 -0.00910618
7.10189 -0.00948659
7.11618 -0.00986699
7.13047 -0.0102474
7.14476 -0.0106278
7.15906 -0.0110056
7.17335 -0.0113799
7.18764 -0.0117542
7.20193 -0.0121285
7.21622 -0.0125028
7.23051 -0.0128766
7.2448 -0.0132448
7.25906 -0.013613
7.27335 -0.0139812
7.28764 -0.0143493
7.30193 -0.0147175
7.31622 -0.0150814
7.33051 -0.0154434
7.3448 -0.0158053
7.35909 -0.0161673
7.37339 -0.0165292
7.38768 -0.0168895
7.40197 -0.017245
7.41626 -0.0176004
7.43055 -0.0179559
7.44484 -0.0183114
7.45913 -0.0186668
7.47343 -0.0190167
7.48772 -0.0193651
7.50201 -0.0197134
7.5163 -0.0200618
7.53059 -0.0204101
7.54488 -0.0207563
7.55917 -0.0210965
7.57343 -0.0214368
7.58772 -0.021777
7.60201 -0.0221173
7.6163 -0.0224575
7.63059 -0.0227902
7.64488 -0.0231198
7.65917 -0.0234495
7.67346 -0.0237791
7.68776 -0.0241087
7.70205 -0.0244369
7.71634 -0.0247531
7.73063 -0.0250692
7.74492 -0.0253854
7.75921 -0.0257016
7.7735 -0.0260178
7.7878 -0.0263207
7.80209 -0.026608
7.81638 -0.0268952
7.83067 -0.0271825
7.84496 -0.0274698
7.85925 -0.0277571
7.8735 -0.0280253
7.8878 -0.0282877
7.90209 -0.0285501
7.91638 -0.0288125
7.93067 -0.029075
7.94496 -0.0293306
7.95925 -0.0294054
7.97354 -0.0294801
7.98783 -0.0295548
8.00213 -0.0296295
8.01642 -0.0297043
8.03071 -0.0298008
8.045 -0.0299602
8.05929 -0.0301196
8.07358 -0.030279
8.08787 -0.0304384
8.10217 -0.0305978
