0 0
0.0142895 0.00596844
0.028579 0.0117266
0.0428685 0.0149618
0.0571579 0.0187777
0.0714476 0.0204033
0.085737 0.0186542
0.100027 0.0179736
0.114316 0.014571
0.128606 0.00778889
0.142895 0.00368243
0.157185 -0.00322891
0.171474 -0.0132672
0.185764 -0.0195932
0.200053 -0.0286089
0.214343 -0.0383448
0.228632 -0.0484007
0.242922 -0.0587608
0.257211 -0.0697882
0.271501 -0.0809569
0.28579 -0.0921245
0.30008 -0.104412
0.314369 -0.116457
0.328659 -0.123801
0.342948 -0.141675
0.357238 -0.154486
0.371528 -0.16791
0.385817 -0.181273
0.400106 -0.181511
0.414398 -0.208976
0.428685 -0.222964
0.442976 -0.237544
0.457264 -0.251992
0.471555 -0.254221
0.485843 -0.2818
0.500134 -0.296747
0.514421 -0.31234
0.528713 -0.327665
0.543 -0.343566
0.557291 -0.359234
0.571579 -0.345586
0.58587 -0.391412
0.600161 -0.407403
0.614449 -0.424156
0.62874 -0.440418
0.643028 -0.457443
0.657319 -0.473978
0.671606 -0.484687
0.685898 -0.508132
0.700185 -0.489744
0.714476 -0.54294
0.728764 -0.560127
0.743055 -0.578426
0.757343 -0.595947
0.771634 -0.614586
0.785925 -0.632443
0.800213 -0.651442
0.814504 -0.669705
0.828791 -0.689093
0.843083 -0.707793
0.85737 -0.727499
0.871661 -0.746572
0.885949 -0.750113
0.90024 -0.786067
0.914528 -0.76909
0.928819 -0.82644
0.943106 -0.791632
0.957398 -0.867034
0.971689 -0.821263
0.985976 -0.908469
1.00027 -0.865226
1.01456 -0.949122
1.02885 -0.901477
1.04313 -0.986038
1.05743 -0.929954
1.07171 -1.02334
1.086 -0.974444
1.10029 -1.06163
1.11458 -1.03049
1.12887 -1.10007
1.14316 -1.09501
1.15745 -1.13804
1.17174 -1.15679
1.18603 -1.17572
1.20032 -1.19431
1.21461 -1.21309
1.2289 -1.23147
1.24319 -1.25009
1.25748 -1.26826
1.27177 -1.28671
1.28606 -1.30465
1.30035 -1.32293
1.31463 -1.34063
1.32893 -1.33306
1.34321 -1.3762
1.3575 -1.30387
1.3718 -1.41134
1.38608 -1.42858
1.40037 -1.44606
1.41466 -1.46305
1.42895 -1.48035
1.44324 -1.4971
1.45753 -1.51421
1.47182 -1.53071
1.48611 -1.48135
1.5004 -1.56388
1.51469 -1.57083
1.52898 -1.59662
1.54327 -1.6126
1.55756 -1.62891
1.57185 -1.64464
1.58614 -1.66077
1.60043 -1.67622
1.61472 -1.61236
1.629 -1.70736
1.6433 -1.72254
1.65758 -1.73804
1.67187 -1.75294
1.68616 -1.76826
1.70045 -1.78288
1.71474 -1.75628
1.72903 -1.81234
1.74332 -1.82666
1.75761 -1.84133
1.7719 -1.85535
1.78619 -1.77835
1.80048 -1.88354
1.81477 -1.89725
1.82906 -1.91125
1.84335 -1.92464
1.85764 -1.93846
1.87193 -1.95152
1.88622 -1.96457
1.9005 -1.97788
1.9148 -1.9906
1.92908 -2.00374
1.94337 -2.01612
1.95767 -2.02849
1.97195 -2.0411
1.98624 -2.05312
2.00053 -2.06556
2.01482 -2.07721
2.02911 -2.08887
2.0434 -2.10077
2.05769 -2.11205
2.07198 -2.06231
2.08627 -2.13468
2.10056 -2.14557
2.11485 -2.15676
2.12914 -2.16727
2.14343 -2.08059
2.15772 -2.1884
2.17201 -2.1985
2.1863 -2.20897
2.20059 -2.21867
2.21487 -2.22836
2.22917 -2.23827
2.24345 -2.24755
2.25774 -2.10058
2.27203 -2.26617
2.28632 -2.27503
2.30061 -2.28422
2.3149 -2.29265
2.32919 -2.30107
2.34348 -2.3097
2.35777 -2.31769
2.37206 -2.26568
2.38635 -2.33372
2.40064 -2.34126
2.41493 -2.3088
2.42922 -2.35629
2.44351 -2.36338
2.4578 -2.37074
2.47209 -2.37737
2.48637 -2.38401
2.50067 -2.39081
2.51495 -2.39697
2.52924 -2.40314
2.54354 -2.40938
2.55782 -2.41508
2.57211 -2.32178
2.5864 -2.42645
2.60069 -2.43167
2.61498 -2.34833
2.62927 -2.44201
2.64356 -2.44676
2.65785 -2.4518
2.67214 -2.45606
2.68643 -2.46032
2.70072 -2.46482
2.71501 -2.46859
2.7293 -2.47236
2.74359 -2.47632
2.75788 -2.4796
2.77217 -2.48288
2.78646 -2.4863
2.80074 -2.48909
2.81504 -2.49187
2.82932 -2.49476
2.84361 -2.49704
2.8579 -2.49933
2.87219 -2.50169
2.88648 -2.50347
2.90077 -2.50526
2.91506 -2.50709
2.92935 -2.50838
2.94364 -2.50968
2.95793 -2.511
2.97222 -2.51179
2.98651 -2.51259
3.0008 -2.5134
3.01509 -2.51372
3.02938 -2.51403
3.04367 -2.51434
3.05796 -2.51419
3.07224 -2.51404
3.08654 -2.50858
3.10083 -2.51332
3.11511 -2.51271
3.12941 -2.3977
3.14369 -2.51114
3.15798 -2.51007
3.17227 -2.48366
3.18656 -2.50765
3.20085 -2.50613
3.21514 -2.50461
3.22943 -2.50289
3.24372 -2.50092
3.25801 -2.49894
3.2723 -2.49686
3.28659 -2.49445
3.30088 -2.49203
3.31517 -2.4896
3.32946 -2.48675
3.34375 -2.48389
3.35804 -2.36787
3.37233 -2.47784
3.38661 -2.47454
3.40091 -2.47124
3.41519 -2.46774
3.42948 -2.46401
3.44377 -2.46028
3.45806 -2.45647
3.47235 -2.45232
3.48664 -2.44816
3.50093 -2.37754
3.51522 -2.43949
3.52951 -2.43491
3.5438 -2.43034
3.55809 -2.42555
3.57238 -2.42056
3.58667 -2.41557
3.60096 -2.41054
3.61525 -2.40514
3.62954 -2.39974
3.64383 -2.36138
3.65811 -2.38866
3.67241 -2.38286
3.6867 -2.37706
3.70098 -2.37116
3.71528 -2.36497
3.72956 -2.35877
3.74385 -2.25657
3.75814 -2.34608
3.77243 -2.3395
3.78672 -2.33293
3.80101 -2.32623
3.8153 -2.31928
3.82959 -2.31233
3.84388 -2.22503
3.85817 -2.29813
3.87246 -2.29081
3.88675 -2.28349
3.90104 -2.27608
3.91533 -2.2684
3.92962 -2.26072
3.9439 -2.25304
3.95819 -2.24512
3.97248 -2.2371
3.98677 -2.22907
4.00106 -2.22101
4.01535 -2.21264
4.02965 -2.20428
4.04394 -2.19591
4.05823 -2.18739
4.07252 -2.17869
4.08681 -2.17
4.1011 -2.10689
4.11539 -2.15235
4.12969 -2.14334
4.14398 -2.13432
4.15827 -2.12527
4.17252 -2.11595
4.18681 -2.10663
4.2011 -2.09731
4.21539 -2.08787
4.22969 -2.07825
4.24398 -2.06863
4.25827 -2.05901
4.27256 -2.0492
4.28685 -2.0393
4.30114 -2.02939
4.31543 -1.98885
4.32972 -2.00934
4.34402 -1.99916
4.35831 -1.98898
4.3726 -1.97878
4.38689 -1.96833
4.40118 -1.95789
4.41547 -1.94744
4.42976 -1.93694
4.44406 -1.92624
4.45835 -1.91555
4.47264 -1.90485
4.48689 -1.89406
4.50118 -1.88313
4.51547 -1.8722
4.52976 -1.86126
4.54406 -1.85021
4.55835 -1.83905
4.57264 -1.82789
4.58693 -1.81673
4.60122 -1.80544
4.61551 -1.79406
4.6298 -1.78269
4.64409 -1.77131
4.65839 -1.7598
4.67268 -1.74822
4.68697 -1.73664
4.70126 -1.72506
4.71555 -1.71336
4.72984 -1.70159
4.74413 -1.68982
4.75843 -1.67805
4.77272 -1.66617
4.78697 -1.65422
4.80126 -1.64227
4.81555 -1.63032
4.82984 -1.61828
4.84413 -1.60616
4.85843 -1.59405
4.87272 -1.58193
4.88701 -1.56974
4.9013 -1.55748
4.91559 -1.54521
4.92988 -1.53294
4.94417 -1.52062
4.95846 -1.50822
4.97276 -1.49581
4.98705 -1.4834
5.00134 -1.47096
5.01563 -1.45843
5.02992 -1.4459
5.04421 -1.43337
5.0585 -1.42083
5.0728 -1.40818
5.08709 -1.39553
5.10134 -1.38289
5.11563 -1.36525
5.12992 -1.35751
5.14421 -1.34476
5.1585 -1.33201
5.1728 -1.31927
5.18709 -1.30646
5.20138 -1.29363
5.21567 -1.28079
5.22996 -1.26796
5.24425 -1.25509
5.25854 -1.24218
5.27283 -1.22927
5.28713 -1.21636
5.30142 -1.20345
5.31571 -1.19047
5.33 -1.1775
5.34429 -1.16453
5.35858 -1.15155
5.37287 -1.13854
5.38717 -1.12552
5.40142 -1.11249
5.41571 -1.09947
5.43 -1.08643
5.44429 -1.07336
5.45858 -1.0603
5.47287 -1.04723
5.48717 -1.03417
5.50146 -1.02108
5.51575 -1.00798
5.53004 -0.994893
5.54433 -0.981802
5.55862 -0.968699
5.57291 -0.955591
5.5872 -0.942484
5.6015 -0.929377
5.61579 -0.916265
5.63008 -0.903153
5.64437 -0.890041
5.65866 -0.876929
5.67295 -0.863817
5.68724 -0.850702
5.70154 -0.837596
5.71579 -0.824489
5.73008 -0.811383
5.74437 -0.79827
5.75866 -0.78518
5.77295 -0.77209
5.78724 -0.759
5.80154 -0.745909
5.81583 -0.732823
5.83012 -0.719759
5.84441 -0.706695
5.8587 -0.693631
5.87299 -0.680568
5.88728 -0.667524
5.90157 -0.654496
5.91587 -0.641469
5.93016 -0.628441
5.94445 -0.61541
5.95874 -0.602428
5.97303 -0.589446
5.98732 -0.576463
6.00161 -0.563481
6.01591 -0.550513
6.03016 -0.537585
6.04445 -0.524657
6.05874 -0.511728
6.07303 -0.4988
6.08732 -0.485906
6.10161 -0.473041
6.11591 -0.460175
6.1302 -0.44731
6.14449 -0.434429
6.15878 -0.421634
6.17307 -0.408839
6.18736 -0.396043
6.20165 -0.383248
6.21594 -0.370452
6.23024 -0.357735
6.24453 -0.345018
6.25882 -0.3323
6.27311 -0.319583
6.2874 -0.306879
6.30169 -0.294246
6.31598 -0.281614
6.33024 -0.268981
6.34453 -0.256348
6.35882 -0.243741
6.37311 -0.2312
6.3874 -0.218659
6.40169 -0.206118
6.41598 -0.193577
6.43028 -0.181071
6.44457 -0.168628
6.45886 -0.156184
6.47315 -0.143741
6.48744 -0.131297
6.50173 -0.118895
6.51602 -0.106554
6.53031 -0.094213
6.54461 -0.0818719
6.5589 -0.0695308
6.57319 -0.0572329
6.58748 -0.0449988
6.60177 -0.0327648
6.61606 -0.0205307
6.63035 -0.0082966
6.64461 0.0038971
6.6589 0.0160199
6.67319 0.0281427
6.68748 0.0402655
6.70177 0.0523884
6.71606 0.064477
6.73035 0.0764798
6.74465 0.0884826
6.75894 0.100485
6.77323 0.112488
6.78752 0.124469
6.80181 0.136343
6.8161 0.148218
6.83039 0.160093
6.84469 0.171968
6.85898 0.18384
6.87327 0.195584
6.88756 0.207328
6.90185 0.219072
6.91614 0.230816
6.93043 0.242583
6.94469 0.254195
6.95898 0.265807
6.97327 0.277418
6.98756 0.28903
7.00185 0.299738
7.01614 0.31218
7.03043 0.323661
7.04472 0.335141
7.05902 0.346622
7.07331 0.358102
7.0876 0.36955
7.10189 0.3809
7.11618 0.39225
7.13047 0.4036
7.14476 0.41495
7.15906 0.426313
7.17335 0.437534
7.18764 0.448755
7.20193 0.459976
7.21622 0.471196
7.23051 0.481646
7.2448 0.493571
7.25906 0.504661
7.27335 0.515752
7.28764 0.526843
7.30193 0.537933
7.31622 0.54901
7.33051 0.559966
7.3448 0.570922
7.35909 0.581879
7.37339 0.592835
7.38768 0.603838
7.40197 0.614651
7.41626 0.625464
7.43055 0.636277
7.44484 0.64709
7.45913 0.657676
7.47343 0.668681
7.48772 0.679333
7.50201 0.689985
7.5163 0.700638
7.53059 0.71129
7.54488 0.721931
7.55917 0.732452
7.57343 0.742914
7.58772 0.753376
7.60201 0.763839
7.6163 0.774301
7.63059 0.784694
7.64488 0.7949
7.65917 0.805105
7.67346 0.81531
7.68776 0.825516
7.70205 0.834533
7.71634 0.845675
7.73063 0.855545
7.74492 0.865415
7.75921 0.875285
7.7735 0.885155
7.7878 0.894928
7.80209 0.904094
7.81638 0.913259
7.83067 0.922425
7.84496 0.93159
7.85925 0.940126
7.8735 0.949534
7.8878 0.958053
7.90209 0.966572
7.91638 0.975092
7.93067 0.983611
7.94496 0.990227
7.95925 0.998401
7.97354 1.00348
7.98783 1.00855
8.00213 1.01363
8.01642 1.0187
8.03071 1.0228
8.045 1.02903
8.05929 1.0346
8.07358 1.04018
8.08787 1.04575
8.10217 1.05132
8.11646 1.05788
8.13075 1.06513
8.14504 1.07052
8.15933 1.07541
8.17362 1.0803
8.18787 0.990612
8.20217 1.05598
8.21646 1.11403
8.23075 1.12537
8.24504 1.13671
8.25933 0.979629
8.27362 0.777293
8.28791 0.893871
8.3022 1.03169
8.3165 1.16951
8.33079 0.979879
8.34508 0.755377
8.35937 0.530875
8.37366 0.619253
8.38795 0.754908
8.40224 0.645361
8.41654 0.535814
8.43083 0.426267
8.44512 0.26442
8.45941 0.227497
8.4737 0.107204
