#           x           U_x           U_y           U_z
            0             0             0             0
  0.000362954    0.00596844    -0.0149901  -8.12491e-20
  0.000725907     0.0117266    -0.0202811    2.4123e-19
   0.00108886     0.0149618    -0.0181862  -7.47929e-20
   0.00145181     0.0187777    -0.0136141   3.88866e-20
   0.00181477     0.0204033    -0.0081733   6.69304e-20
   0.00217772     0.0186542   -0.00183701   7.03855e-20
   0.00254068     0.0179736    0.00384935  -2.67989e-20
   0.00290363      0.014571    0.00890152  -1.53193e-19
   0.00326658    0.00778889     0.0135633  -1.03029e-19
   0.00362954    0.00368243      0.017388   -9.2472e-20
   0.00399249   -0.00322891     0.0202778  -7.54422e-20
   0.00435544    -0.0132672     0.0226123  -4.88417e-20
    0.0047184    -0.0195932     0.0247457    -3.921e-20
   0.00508135    -0.0286089     0.0261873  -3.06995e-20
   0.00544431    -0.0383448      0.027477  -1.21589e-20
   0.00580726    -0.0484007      0.028625   6.00622e-20
   0.00617021    -0.0587608     0.0295249   2.24629e-20
   0.00653317    -0.0697882     0.0305501   1.35553e-21
   0.00689612    -0.0809569     0.0313044             0
   0.00725907    -0.0921245     0.0320508             0
   0.00762203     -0.104412     0.0329248             0
   0.00798498     -0.116457     0.0336174   3.41334e-21
   0.00834793     -0.123801     0.0343307   1.23606e-20
   0.00871089     -0.141675     0.0350929   3.71466e-20
   0.00907384     -0.154486     0.0357394   1.24139e-20
    0.0094368      -0.16791     0.0364842   2.03841e-20
   0.00979975     -0.181273     0.0370862   2.17845e-20
    0.0101627     -0.181511     0.0376086    2.4568e-20
    0.0105257     -0.208976     0.0383432   8.37704e-21
    0.0108886     -0.222964      0.038889  -1.96485e-21
    0.0112516     -0.237544     0.0395011  -1.61473e-20
    0.0116145     -0.251992     0.0399868  -1.88952e-20
    0.0119775     -0.254221      0.040414   -2.0432e-20
    0.0123404       -0.2818     0.0409596   1.23993e-21
    0.0127034     -0.296747     0.0413571   1.76082e-20
    0.0130663      -0.31234     0.0417885   2.15393e-20
    0.0134293     -0.327665     0.0420978    3.2198e-20
    0.0137922     -0.343566     0.0424572   1.58572e-20
    0.0141552     -0.359234     0.0426731  -1.36316e-20
    0.0145181     -0.345586     0.0428157  -4.83451e-22
    0.0148811     -0.391412     0.0430898   1.83359e-20
    0.0152441     -0.407403     0.0432051   2.16532e-20
     0.015607     -0.424156     0.0433861   1.82726e-20
      0.01597     -0.440418     0.0434659     3.663e-21
    0.0163329     -0.457443     0.0436458   5.09775e-22
    0.0166959     -0.473978     0.0437714  -1.28123e-21
    0.0170588     -0.484687     0.0440306  -3.98821e-21
    0.0174218     -0.508132     0.0443167  -2.33907e-20
    0.0177847     -0.489744     0.0448028  -2.58404e-20
    0.0181477      -0.54294     0.0453537  -3.06308e-20
    0.0185106     -0.560127     0.0461193  -1.80078e-20
    0.0188736     -0.578426     0.0470471  -5.82139e-21
    0.0192365     -0.595947     0.0482564  -3.35914e-22
    0.0195995     -0.614586     0.0495684  -2.53032e-21
    0.0199625     -0.632443     0.0514365  -1.33938e-20
    0.0203254     -0.651442     0.0531569  -1.33738e-20
    0.0206884     -0.669705      0.055526  -2.41665e-21
    0.0210513     -0.689093     0.0574109  -2.50315e-22
    0.0214143     -0.707793     0.0600795   9.54089e-22
    0.0217772     -0.727499     0.0623707   2.81639e-21
    0.0221402     -0.746572     0.0659583   1.23626e-20
    0.0225031     -0.750113     0.0673458   9.78036e-21
    0.0228661     -0.786067     0.0718646    8.8428e-21
     0.023229      -0.76909     0.0703941    1.7845e-20
     0.023592      -0.82644     0.0772795   2.92951e-20
    0.0239549     -0.791632     0.0747041   2.75075e-20
    0.0243179     -0.867034     0.0829333   3.56136e-20
    0.0246809     -0.821263      0.073405   7.94442e-21
    0.0250438     -0.908469     0.0716059   3.51197e-21
    0.0254068     -0.865226     0.0580463             0
    0.0257697     -0.949122     0.0519001  -1.37672e-20
    0.0261327     -0.901477     0.0491053  -2.96929e-20
    0.0264956     -0.986038     0.0500835  -4.02479e-20
    0.0268586     -0.929954     0.0524452   -5.9216e-20
    0.0272215      -1.02334     0.0542246  -5.26341e-20
    0.0275845     -0.974444     0.0553976  -5.71286e-20
    0.0279474      -1.06163     0.0565544  -2.28175e-20
    0.0283104      -1.03049     0.0564899   1.08811e-20
    0.0286733      -1.10007     0.0568161   4.71911e-20
    0.0290363      -1.09501     0.0565402   6.30443e-20
    0.0293992      -1.13804       0.05671   4.69701e-20
    0.0297622      -1.15679     0.0566137   1.73619e-20
    0.0301252      -1.17572     0.0565282   2.05937e-20
    0.0304881      -1.19431     0.0563625   2.82897e-20
    0.0308511      -1.21309     0.0562241   1.09493e-20
     0.031214      -1.23147     0.0560023   1.37811e-20
     0.031577      -1.25009     0.0558219  -9.32187e-21
    0.0319399      -1.26826     0.0555605  -2.29067e-20
    0.0323029      -1.28671     0.0553527  -6.71522e-21
    0.0326658      -1.30465      0.055066   3.58262e-21
    0.0330288      -1.32293     0.0548394   2.80901e-20
    0.0333917      -1.34063     0.0545366   4.52777e-20
    0.0337547      -1.33306     0.0540891   5.31899e-20
    0.0341176       -1.3762     0.0539847     5.158e-20
    0.0344806      -1.30387      0.053014   3.62417e-20
    0.0348436      -1.41134     0.0534176   1.75608e-20
    0.0352065      -1.42858     0.0530977   5.98274e-22
    0.0355695      -1.44606       0.05284             0
    0.0359324      -1.46305     0.0525152             0
    0.0362954      -1.48035     0.0522543   1.52299e-21
    0.0366583       -1.4971     0.0519257   5.65559e-21
    0.0370213      -1.51421     0.0516621   2.26215e-20
    0.0373842      -1.53071     0.0513298   2.25889e-20
    0.0377472      -1.48135     0.0505956   8.09695e-21
    0.0381101      -1.56388     0.0507275   1.36224e-20
    0.0384731      -1.57083     0.0503323   2.03561e-20
     0.038836      -1.59662     0.0501185   2.02175e-20
     0.039199       -1.6126     0.0497779   2.02422e-20
     0.039562      -1.62891     0.0495022   2.01428e-20
    0.0399249      -1.64464     0.0491567   1.98304e-20
    0.0402879      -1.66077     0.0488779   1.96577e-20
    0.0406508      -1.67622     0.0485267   1.96818e-20
    0.0410138      -1.61236     0.0477106   2.09004e-20
    0.0413767      -1.70736     0.0478872    5.1177e-21
    0.0417397      -1.72254     0.0475296  -1.48087e-20
    0.0421026      -1.73804     0.0472374  -1.91551e-20
    0.0424656      -1.75294     0.0468727  -1.91788e-20
    0.0428285      -1.76826     0.0465765  -1.83528e-20
    0.0431915      -1.78288     0.0462041   7.06118e-22
    0.0435544      -1.75628     0.0456088   1.92052e-20
    0.0439174      -1.81234     0.0455234   1.03865e-20
    0.0442804      -1.82666     0.0451428  -1.91488e-21
    0.0446433      -1.84133       0.04483  -2.04869e-20
    0.0450063      -1.85535     0.0444406  -2.97287e-20
    0.0453692      -1.77835     0.0436088  -2.63163e-20
    0.0457322      -1.88354      0.043725  -2.18787e-20
    0.0460951      -1.89725     0.0433265  -1.85426e-20
    0.0464581      -1.91125     0.0429958  -1.67008e-20
     0.046821      -1.92464     0.0425879  -1.38337e-20
     0.047184      -1.93846     0.0422529  -1.02401e-21
    0.0475469      -1.95152     0.0418354   1.04293e-20
    0.0479099      -1.96457      0.041418   2.18827e-20
    0.0482728      -1.97788     0.0410691    2.1068e-20
    0.0486358       -1.9906      0.040642   1.81887e-20
    0.0489987      -2.00374      0.040289   5.17114e-21
    0.0493617      -2.01612     0.0398522  -8.36598e-21
    0.0497247      -2.02849     0.0394155  -2.19031e-20
    0.0500876       -2.0411     0.0390489  -3.16264e-20
    0.0504506      -2.05312     0.0386026  -2.90094e-20
    0.0508135      -2.06556     0.0382323  -7.01165e-21
    0.0511765      -2.07721     0.0377767    3.5587e-21
    0.0515394      -2.08887      0.037321   1.41291e-20
    0.0519024      -2.10077     0.0369378   3.16648e-21
    0.0522653      -2.11205     0.0364729  -1.90357e-21
    0.0526283      -2.06231     0.0358079  -1.13318e-20
    0.0529912      -2.13468     0.0356127  -2.17816e-20
    0.0533542      -2.14557      0.035139  -2.91696e-20
    0.0537171      -2.15676     0.0347406  -2.09639e-20
    0.0540801      -2.16727     0.0342585  -1.85261e-20
    0.0544431      -2.08059     0.0334118  -1.72473e-20
     0.054806       -2.1884      0.033367  -9.26104e-21
     0.055169       -2.1985     0.0328769   3.58387e-22
    0.0555319      -2.20897     0.0324651   1.40517e-20
    0.0558949      -2.21867     0.0319673   1.40277e-20
    0.0562578      -2.22836     0.0314696   1.40037e-20
    0.0566208      -2.23827     0.0310482   6.32863e-21
    0.0569837      -2.24755     0.0305434   8.60341e-21
    0.0573467      -2.10058     0.0295178   1.12676e-20
    0.0577096      -2.26617     0.0296082   2.08568e-21
    0.0580726      -2.27503     0.0290968   2.12935e-21
    0.0584355      -2.28422     0.0286648   9.32752e-21
    0.0587985      -2.29265     0.0281473   4.73288e-22
    0.0591615      -2.30107     0.0276298  -8.38094e-21
    0.0595244       -2.3097     0.0271901  -1.33782e-21
    0.0598874      -2.31769     0.0266671   6.96044e-22
    0.0602503      -2.26568     0.0259693  -5.73896e-22
    0.0606133      -2.33372     0.0256975    1.1195e-20
    0.0609762      -2.34126     0.0251693   2.36857e-20
    0.0613392       -2.3088     0.0245891    3.0583e-20
    0.0617021      -2.35629     0.0241884   4.53813e-20
    0.0620651      -2.36338     0.0236555   5.93956e-20
     0.062428      -2.37074     0.0232014   6.85079e-20
     0.062791      -2.37737     0.0226642   4.47096e-20
    0.0631539      -2.38401      0.022127   2.09114e-20
    0.0635169      -2.39081     0.0216672  -1.98669e-20
    0.0638798      -2.39697     0.0211259  -3.56906e-20
    0.0642428      -2.40314     0.0205846  -5.15143e-20
    0.0646058      -2.40938     0.0201195  -2.91472e-20
    0.0649687      -2.41508     0.0195741  -1.36885e-20
    0.0653317      -2.32178     0.0188131             0
    0.0656946      -2.42645     0.0185577             0
    0.0660576      -2.43167     0.0180081             0
    0.0664205      -2.34833     0.0173121             0
    0.0667835      -2.44201     0.0169809   6.37574e-21
    0.0671464      -2.44676     0.0164266    1.3485e-20
    0.0675094       -2.4518     0.0159465   5.11882e-21
    0.0678723      -2.45606     0.0153863   1.71985e-21
    0.0682353      -2.46032     0.0148261  -1.67912e-21
    0.0685982      -2.46482     0.0143372  -3.65329e-21
    0.0689612      -2.46859     0.0137698  -7.20424e-21
    0.0693242      -2.47236     0.0132023  -1.07552e-20
    0.0696871      -2.47632     0.0127026   1.24364e-20
    0.0700501       -2.4796     0.0121263   1.58294e-20
     0.070413      -2.48288     0.0115501   1.92224e-20
     0.070776       -2.4863     0.0110372    4.6752e-21
    0.0711389      -2.48909     0.0104504  -1.14617e-20
    0.0715019      -2.49187    0.00986353  -2.75986e-20
    0.0718648      -2.49476    0.00933547  -4.55373e-20
    0.0722278      -2.49704     0.0087363  -4.86989e-20
    0.0725907      -2.49933    0.00813714  -5.18606e-20
    0.0729537      -2.50169    0.00759339  -4.99348e-20
    0.0733166      -2.50347    0.00698271  -4.03941e-20
    0.0736796      -2.50526    0.00637203  -3.08534e-20
    0.0740426      -2.50709    0.00581782  -2.61847e-20
    0.0744055      -2.50838    0.00520405   -2.3022e-20
    0.0747685      -2.50968    0.00459027  -1.98593e-20
    0.0751314        -2.511    0.00404058   -7.5541e-21
    0.0754944      -2.51179    0.00344388  -4.50224e-21
    0.0758573      -2.51259    0.00284717  -1.45038e-21
    0.0762203       -2.5134    0.00232508             0
    0.0765832      -2.51372     0.0017718             0
    0.0769462      -2.51403    0.00121851             0
    0.0773091      -2.51434   0.000743805  -2.84052e-22
    0.0776721      -2.51419   0.000239193  -3.07701e-21
     0.078035      -2.51404   -0.00026542  -5.86997e-21
     0.078398      -2.50858  -0.000698569   -1.6331e-20
     0.078761      -2.51332   -0.00117624  -1.66233e-20
    0.0791239      -2.51271   -0.00165338  -1.65901e-20
    0.0794869       -2.3977    -0.0020433  -8.19006e-21
    0.0798498      -2.51114   -0.00253258  -1.17138e-20
    0.0802128      -2.51007   -0.00299768  -1.62493e-20
    0.0805757      -2.48366   -0.00344312  -2.08696e-20
    0.0809387      -2.50765   -0.00385952  -2.38034e-20
    0.0813016      -2.50613   -0.00431596  -2.82811e-20
    0.0816646      -2.50461    -0.0047724  -3.27587e-20
    0.0820275      -2.50289   -0.00516517  -1.84108e-20
    0.0823905      -2.50092   -0.00561451  -4.55919e-21
    0.0827534      -2.49894   -0.00606384   9.29244e-21
    0.0831164      -2.49686   -0.00645292   8.07737e-21
    0.0834793      -2.49445   -0.00689523   1.24769e-20
    0.0838423      -2.49203   -0.00733754   1.68765e-20
    0.0842053       -2.4896   -0.00772307   1.96702e-20
    0.0845682      -2.48675   -0.00815818   2.15288e-20
    0.0849312      -2.48389   -0.00859329   2.33874e-20
    0.0852941      -2.36787   -0.00889129   2.61915e-20
    0.0856571      -2.47784   -0.00940302   3.16621e-20
      0.08602      -2.47454   -0.00983059    3.1659e-20
     0.086383      -2.47124    -0.0102582    3.1656e-20
    0.0867459      -2.46774    -0.0106291   2.35867e-20
    0.0871089      -2.46401    -0.0110489   2.08235e-20
    0.0874718      -2.46028    -0.0114686   1.80604e-20
    0.0878348      -2.45647    -0.0118361   1.50128e-20
    0.0881977      -2.45232    -0.0122478   7.65842e-21
    0.0885607      -2.44816    -0.0126594   3.03999e-22
    0.0889237      -2.37754    -0.0129467  -7.98201e-21
    0.0892866      -2.43949    -0.0134268  -2.25135e-20
    0.0896496      -2.43491    -0.0138302  -3.50256e-20
    0.0900125      -2.43034    -0.0142335  -4.75377e-20
    0.0903755      -2.42555    -0.0145859  -4.51695e-20
    0.0907384      -2.42056    -0.0149807  -3.78968e-20
    0.0911014      -2.41557    -0.0153755  -3.06242e-20
    0.0914643      -2.41054    -0.0157245  -2.08533e-20
    0.0918273      -2.40514    -0.0161106  -1.66163e-20
    0.0921902      -2.39974    -0.0164966  -1.23793e-20
    0.0925532      -2.36138    -0.0168181  -8.45213e-21
    0.0929161      -2.38866    -0.0172197  -6.52888e-22
    0.0932791      -2.38286    -0.0175968   3.47976e-21
    0.0936421      -2.37706    -0.0179738   7.61241e-21
     0.094005      -2.37116    -0.0183077   5.16102e-21
     0.094368      -2.36497    -0.0186756   6.19752e-21
    0.0947309      -2.35877    -0.0190435   7.23402e-21
    0.0950939      -2.25657    -0.0191961   8.47431e-21
    0.0954568      -2.34608    -0.0197332    7.5982e-22
    0.0958198       -2.3395    -0.0200917  -3.33027e-21
    0.0961827      -2.33293    -0.0204503  -7.42036e-21
    0.0965457      -2.32623    -0.0207692  -5.07785e-21
    0.0969086      -2.31928    -0.0211182  -4.89609e-21
    0.0972716      -2.31233    -0.0214672  -4.71432e-21
    0.0976345      -2.22503    -0.0216116  -4.71694e-21
    0.0979975      -2.29813     -0.022123  -6.24268e-21
    0.0983605      -2.29081    -0.0224623  -4.48997e-21
    0.0987234      -2.28349    -0.0228016  -2.73725e-21
    0.0990864      -2.27608    -0.0231059  -1.30638e-21
    0.0994493       -2.2684    -0.0234354   1.05057e-22
    0.0998123      -2.26072    -0.0237649   1.51649e-21
     0.100175      -2.25304    -0.0240943   2.92792e-21
     0.100538      -2.24512    -0.0243865   6.27449e-21
     0.100901       -2.2371    -0.0247059   7.02598e-21
     0.101264      -2.22907    -0.0250254   7.77747e-21
     0.101627      -2.22101    -0.0253154   8.54194e-21
      0.10199      -2.21264    -0.0256248   1.07235e-20
     0.102353      -2.20428    -0.0259342   1.29051e-20
     0.102716      -2.19591    -0.0262435   1.50866e-20
     0.103079      -2.18739    -0.0265218    1.5367e-20
     0.103442      -2.17869    -0.0268211   1.48411e-20
     0.103805         -2.17    -0.0271204   1.43151e-20
     0.104168      -2.10689    -0.0272334   1.41863e-20
     0.104531      -2.15235    -0.0276862   1.20181e-20
     0.104894      -2.14334    -0.0279754    9.8902e-21
     0.105257      -2.13432    -0.0282646   7.76228e-21
      0.10562      -2.12527    -0.0285298   6.16232e-21
     0.105982      -2.11595    -0.0288087   4.30797e-21
     0.106345      -2.10663    -0.0290875   2.45362e-21
     0.106708      -2.09731    -0.0293664   5.99274e-22
     0.107071      -2.08787    -0.0296201             0
     0.107434      -2.07825    -0.0298884             0
     0.107797      -2.06863    -0.0301568             0
      0.10816      -2.05901    -0.0304252             0
     0.108523       -2.0492    -0.0306673  -7.68069e-22
     0.108886       -2.0393    -0.0309249  -1.84025e-21
     0.109249      -2.02939    -0.0311826  -2.91244e-21
     0.109612      -1.98885     -0.031301  -4.14281e-21
     0.109975      -2.00934     -0.031671  -4.18705e-21
     0.110338      -1.99916     -0.031918  -3.98675e-21
     0.110701      -1.98898    -0.0321649  -3.78646e-21
     0.111064      -1.97878    -0.0323953  -2.65958e-21
     0.111427      -1.96833    -0.0326317  -1.60528e-21
      0.11179      -1.95789    -0.0328682  -5.50989e-22
     0.112153      -1.94744    -0.0331047   5.03305e-22
     0.112516      -1.93694    -0.0333243   7.02854e-22
     0.112879      -1.92624    -0.0335505   6.30783e-22
     0.113242      -1.91555    -0.0337767   5.58712e-22
     0.113605      -1.90485    -0.0340029   4.86641e-22
     0.113967      -1.89406    -0.0342125   6.49786e-22
      0.11433      -1.88313    -0.0344285   1.06211e-21
     0.114693       -1.8722    -0.0346446   1.47442e-21
     0.115056      -1.86126    -0.0348607   1.88674e-21
     0.115419      -1.85021    -0.0350605   1.92369e-21
     0.115782      -1.83905    -0.0352665   1.80245e-21
     0.116145      -1.82789    -0.0354724   1.68121e-21
     0.116508      -1.81673    -0.0356784   1.55997e-21
     0.116871      -1.80544    -0.0358688   5.42839e-22
     0.117234      -1.79406    -0.0360649  -9.85287e-22
     0.117597      -1.78269    -0.0362609  -2.51341e-21
      0.11796      -1.77131     -0.036457  -4.04154e-21
     0.118323       -1.7598    -0.0366381  -3.81432e-21
     0.118686      -1.74822     -0.036824  -1.26241e-21
     0.119049      -1.73664      -0.03701    1.2895e-21
     0.119412      -1.72506     -0.037196   3.84141e-21
     0.119775      -1.71336    -0.0373676   7.55608e-21
     0.120138      -1.70159     -0.037543   1.04913e-20
     0.120501      -1.68982    -0.0377185   1.34265e-20
     0.120864      -1.67805    -0.0378939   1.63617e-20
     0.121227      -1.66617    -0.0380566   1.27283e-20
     0.121589      -1.65422    -0.0382219   4.34953e-21
     0.121952      -1.64227    -0.0383873  -4.02927e-21
     0.122315      -1.63032    -0.0385526  -1.24081e-20
     0.122678      -1.61828    -0.0387074  -1.91269e-20
     0.123041      -1.60616    -0.0388634   -2.0911e-20
     0.123404      -1.59405    -0.0390195  -2.26951e-20
     0.123767      -1.58193    -0.0391755  -2.44792e-20
      0.12413      -1.56974    -0.0393224  -1.96258e-20
     0.124493      -1.55748    -0.0394691  -1.38523e-20
     0.124856      -1.54521    -0.0396157  -8.07884e-21
     0.125219      -1.53294    -0.0397624  -2.30537e-21
     0.125582      -1.52062    -0.0399016             0
     0.125945      -1.50822    -0.0400386             0
     0.126308      -1.49581    -0.0401757             0
     0.126671       -1.4834    -0.0403127             0
     0.127034      -1.47096    -0.0404444   1.34992e-21
     0.127397      -1.45843    -0.0405721   5.14738e-21
      0.12776       -1.4459    -0.0406997   8.94483e-21
     0.128123      -1.43337    -0.0408273   1.27423e-20
     0.128486      -1.42083    -0.0409519   1.98932e-20
     0.128849      -1.40818    -0.0410704   3.06051e-20
     0.129212      -1.39553    -0.0411889    4.1317e-20
     0.129574      -1.38289    -0.0413074   5.20289e-20
     0.129937      -1.36525    -0.0413777   6.16702e-20
       0.1303      -1.35751    -0.0415349   6.55687e-20
     0.130663      -1.34476    -0.0416446   6.88805e-20
     0.131026      -1.33201    -0.0417543   7.21923e-20
     0.131389      -1.31927     -0.041864    7.5504e-20
     0.131752      -1.30646    -0.0419669   7.00991e-20
     0.132115      -1.29363     -0.042068   6.47427e-20
     0.132478      -1.28079    -0.0421691   5.93863e-20
     0.132841      -1.26796    -0.0422702     5.403e-20
     0.133204      -1.25509    -0.0423671   5.68964e-20
     0.133567      -1.24218    -0.0424598   6.37832e-20
      0.13393      -1.22927    -0.0425525   7.06699e-20
     0.134293      -1.21636    -0.0426452   7.75566e-20
     0.134656      -1.20345    -0.0427365    8.0866e-20
     0.135019      -1.19047    -0.0428211   6.94534e-20
     0.135382       -1.1775    -0.0429056   5.80407e-20
     0.135745      -1.16453    -0.0429901   4.66281e-20
     0.136108      -1.15155    -0.0430747   3.52154e-20
     0.136471      -1.13854    -0.0431527   1.97428e-20
     0.136834      -1.12552    -0.0432293   6.10105e-21
     0.137196      -1.11249    -0.0433059  -7.54072e-21
     0.137559      -1.09947    -0.0433826  -2.11825e-20
     0.137922      -1.08643    -0.0434557  -2.41181e-20
     0.138285      -1.07336    -0.0435248   -1.7943e-20
     0.138648       -1.0603    -0.0435939  -1.17679e-20
     0.139011      -1.04723    -0.0436629  -5.59278e-21
     0.139374      -1.03417    -0.0437314  -1.63842e-21
     0.139737      -1.02108    -0.0437932  -2.00899e-20
       0.1401      -1.00798     -0.043855    -3.853e-20
     0.140463     -0.994893    -0.0439168  -5.69273e-20
     0.140826     -0.981802    -0.0439786  -7.53247e-20
     0.141189     -0.968699    -0.0440357   -8.1884e-20
     0.141552     -0.955591    -0.0440905  -8.19651e-20
     0.141915     -0.942484    -0.0441453  -8.20462e-20
     0.142278     -0.929377    -0.0442002  -8.21274e-20
     0.142641     -0.916265    -0.0442533    -7.875e-20
     0.143004     -0.903153    -0.0443015  -6.05071e-20
     0.143367     -0.890041    -0.0443497  -4.22643e-20
      0.14373     -0.876929    -0.0443979  -2.40214e-20
     0.144093     -0.863817    -0.0444461  -5.77854e-21
     0.144456     -0.850702    -0.0444891   7.79913e-21
     0.144819     -0.837596     -0.044531   1.98258e-20
     0.145181     -0.824489    -0.0445729   3.18524e-20
     0.145544     -0.811383    -0.0446149   4.38791e-20
     0.145907      -0.79827    -0.0446544   5.65252e-20
      0.14627      -0.78518    -0.0446904   5.66738e-20
     0.146633      -0.77209    -0.0447264   5.68224e-20
     0.146996        -0.759    -0.0447624    5.6971e-20
     0.147359     -0.745909    -0.0447984   5.71195e-20
     0.147722     -0.732823    -0.0448291   6.07032e-20
     0.148085     -0.719759    -0.0448596    7.3557e-20
     0.148448     -0.706695      -0.04489   8.64108e-20
     0.148811     -0.693631    -0.0449205   9.92646e-20
     0.149174     -0.680568     -0.044951   1.12118e-19
     0.149537     -0.667524    -0.0449736   1.25794e-19
       0.1499     -0.654496    -0.0449989   1.38424e-19
     0.150263     -0.641469    -0.0450242   1.51053e-19
     0.150626     -0.628441    -0.0450495   1.63682e-19
     0.150989      -0.61541    -0.0450696   1.61712e-19
     0.151352     -0.602428    -0.0450902   1.37083e-19
     0.151715     -0.589446    -0.0451108   1.12454e-19
     0.152078     -0.576463    -0.0451313   8.78247e-20
     0.152441     -0.563481    -0.0451519   6.31958e-20
     0.152804     -0.550513    -0.0451651   6.61302e-20
     0.153166     -0.537585    -0.0451813   8.28215e-20
     0.153529     -0.524657    -0.0451976   9.95128e-20
     0.153892     -0.511728    -0.0452138   1.16204e-19
     0.154255       -0.4988    -0.0452301   1.32895e-19
     0.154618     -0.485906    -0.0452371   1.37928e-19
     0.154981     -0.473041    -0.0452494   1.38054e-19
     0.155344     -0.460175    -0.0452618    1.3818e-19
     0.155707      -0.44731    -0.0452741   1.38306e-19
      0.15607     -0.434429     -0.045279   1.33484e-19
     0.156433     -0.421634    -0.0452879   1.04591e-19
     0.156796     -0.408839    -0.0452967   7.56968e-20
     0.157159     -0.396043    -0.0453056   4.68032e-20
     0.157522     -0.383248    -0.0453144   1.79095e-20
     0.157885     -0.370452     -0.045314   3.92697e-21
     0.158248     -0.357735    -0.0453197   2.16524e-20
     0.158611     -0.345018    -0.0453254   3.93778e-20
     0.158974       -0.3323    -0.0453311   5.71033e-20
     0.159337     -0.319583    -0.0453367   7.48287e-20
       0.1597     -0.306879    -0.0453315   8.32626e-20
     0.160063     -0.294246    -0.0453342   1.00016e-19
     0.160426     -0.281614     -0.045337   1.16769e-19
     0.160788     -0.268981    -0.0453397   1.33522e-19
     0.161151     -0.256348    -0.0453424   1.50275e-19
     0.161514     -0.243741    -0.0453328    1.7628e-19
     0.161877       -0.2312    -0.0453329   1.79251e-19
      0.16224     -0.218659     -0.045333   1.82222e-19
     0.162603     -0.206118    -0.0453332   1.85193e-19
     0.162966     -0.193577    -0.0453333   1.88164e-19
     0.163329     -0.181071      -0.04532   1.57591e-19
     0.163692     -0.168628    -0.0453185   1.40834e-19
     0.164055     -0.156184     -0.045317   1.24077e-19
     0.164418     -0.143741    -0.0453155    1.0732e-19
     0.164781     -0.131297     -0.045314   9.05634e-20
     0.165144     -0.118895    -0.0452981    8.3485e-20
     0.165507     -0.106554    -0.0452964   6.32745e-20
      0.16587     -0.094213    -0.0452947   4.30639e-20
     0.166233    -0.0818719     -0.045293   2.28534e-20
     0.166596    -0.0695308    -0.0452912   2.64284e-21
     0.166959    -0.0572329    -0.0452724   2.69755e-20
     0.167322    -0.0449988    -0.0452692   7.05186e-20
     0.167685    -0.0327648     -0.045266   1.14062e-19
     0.168048    -0.0205307    -0.0452628   1.57605e-19
     0.168411    -0.0082966    -0.0452596   2.01148e-19
     0.168773     0.0038971    -0.0452275   2.17258e-19
     0.169136     0.0160199     -0.045206    2.1743e-19
     0.169499     0.0281427    -0.0451845   2.17603e-19
     0.169862     0.0402655    -0.0451629   2.17776e-19
     0.170225     0.0523884    -0.0451414   2.17949e-19
     0.170588      0.064477    -0.0450718   2.08603e-19
     0.170951     0.0764798    -0.0449924   2.10421e-19
     0.171314     0.0884826    -0.0449129   2.12239e-19
     0.171677      0.100485    -0.0448335   2.14056e-19
      0.17204      0.112488     -0.044754   2.15874e-19
     0.172403      0.124469    -0.0446341   2.27573e-19
     0.172766      0.136343    -0.0444868    2.2775e-19
     0.173129      0.148218    -0.0443396   2.27927e-19
     0.173492      0.160093    -0.0441924   2.28104e-19
     0.173855      0.171968    -0.0440452   2.28281e-19
     0.174218       0.18384    -0.0438901   2.05901e-19
     0.174581      0.195584    -0.0437169   1.61191e-19
     0.174944      0.207328    -0.0435436   1.16482e-19
     0.175307      0.219072    -0.0433704   7.17719e-20
      0.17567      0.230816    -0.0431972   2.70622e-20
     0.176033      0.242583    -0.0430311             0
     0.176395      0.254195    -0.0428632             0
     0.176758      0.265807    -0.0426953             0
     0.177121      0.277418    -0.0425274             0
     0.177484       0.28903    -0.0423595             0
     0.177847      0.299738    -0.0423462             0
      0.17821       0.31218     -0.042039  -1.82179e-20
     0.178573      0.323661    -0.0418806  -4.08239e-20
     0.178936      0.335141    -0.0417223  -6.34299e-20
     0.179299      0.346622    -0.0415639  -8.60359e-20
     0.179662      0.358102    -0.0414055  -1.08642e-19
     0.180025       0.36955    -0.0412583  -9.56296e-20
     0.180388        0.3809    -0.0411082   -9.5538e-20
     0.180751       0.39225    -0.0409581  -9.54464e-20
     0.181114        0.4036     -0.040808  -9.53548e-20
     0.181477       0.41495    -0.0406579  -9.52632e-20
      0.18184      0.426313    -0.0405149  -1.01263e-19
     0.182203      0.437534    -0.0403712  -5.79392e-20
     0.182566      0.448755    -0.0402275   -1.4615e-20
     0.182929      0.459976    -0.0400838   2.87093e-20
     0.183292      0.471196    -0.0399401   7.20335e-20
     0.183655      0.481646    -0.0399069   9.87643e-20
     0.184018      0.493571    -0.0396606   8.61039e-20
      0.18438      0.504661    -0.0395211   8.60068e-20
     0.184743      0.515752    -0.0393815   8.59098e-20
     0.185106      0.526843     -0.039242   8.58127e-20
     0.185469      0.537933    -0.0391024   8.57157e-20
     0.185832       0.54901    -0.0389661   9.32894e-20
     0.186195      0.559966    -0.0388278    7.2557e-20
     0.186558      0.570922    -0.0386895   5.18245e-20
     0.186921      0.581879    -0.0385512   3.10921e-20
     0.187284      0.592835    -0.0384129   1.03597e-20
     0.187647      0.603838     -0.038275   1.07626e-22
      0.18801      0.614651    -0.0381338   1.82047e-20
     0.188373      0.625464    -0.0379925   3.63018e-20
     0.188736      0.636277    -0.0378513   5.43988e-20
     0.189099       0.64709    -0.0377101   7.24959e-20
     0.189462      0.657676    -0.0375942   9.09138e-20
     0.189825      0.668681    -0.0374193   1.18332e-19
     0.190188      0.679333    -0.0372685   1.00553e-19
     0.190551      0.689985    -0.0371178   8.27746e-20
     0.190914      0.700638     -0.036967   6.49961e-20
     0.191277       0.71129    -0.0368162   4.72176e-20
      0.19164      0.721931    -0.0366618  -3.81646e-20
     0.192003      0.732452    -0.0364837  -5.77781e-20
     0.192365      0.742914    -0.0363114  -7.60155e-20
     0.192728      0.753376    -0.0361391   -9.4253e-20
     0.193091      0.763839    -0.0359668   -1.1249e-19
     0.193454      0.774301    -0.0357945  -1.30728e-19
     0.193817      0.784694     -0.035583  -8.23694e-20
      0.19418        0.7949    -0.0353673   -6.4451e-20
     0.194543      0.805105    -0.0351515  -4.65326e-20
     0.194906       0.81531    -0.0349357  -2.86141e-20
     0.195269      0.825516    -0.0347199  -1.06957e-20
     0.195632      0.834533    -0.0345854             0
     0.195995      0.845675    -0.0341699             0
     0.196358      0.855545    -0.0338596             0
     0.196721      0.865415    -0.0335492             0
     0.197084      0.875285    -0.0332388             0
     0.197447      0.885155    -0.0329284             0
      0.19781      0.894928    -0.0324987   5.84226e-22
     0.198173      0.904094    -0.0319902    4.6831e-21
     0.198536      0.913259    -0.0314816   8.78198e-21
     0.198899      0.922425     -0.030973   1.28809e-20
     0.199262       0.93159    -0.0304644   1.69797e-20
     0.199625      0.940126    -0.0299802    2.2399e-20
     0.199987      0.949534    -0.0290452   1.63238e-19
      0.20035      0.958053    -0.0280444   1.64044e-19
     0.200713      0.966572    -0.0270437    1.6485e-19
     0.201076      0.975092    -0.0260429   1.65656e-19
     0.201439      0.983611    -0.0250421   1.66462e-19
     0.201802      0.990227    -0.0239731   3.81732e-20
     0.202165      0.998401    -0.0215603  -7.80791e-21
     0.202528       1.00348    -0.0190811  -4.86378e-20
     0.202891       1.00855    -0.0166018  -8.94676e-20
     0.203254       1.01363    -0.0141226  -1.30297e-19
     0.203617        1.0187    -0.0116433  -1.71127e-19
      0.20398        1.0228   -0.00829347  -2.65743e-19
     0.204343       1.02903   -0.00362769   2.59571e-18
     0.204706        1.0346    0.00101607   5.81815e-18
     0.205069       1.04018    0.00565984   9.04058e-18
     0.205432       1.04575     0.0103036    1.2263e-17
     0.205795       1.05132     0.0149474   1.54854e-17
     0.206158       1.05788     0.0205367    1.6296e-17
     0.206521       1.06513     0.0257391   1.38519e-17
     0.206884       1.07052      0.031143   1.46695e-17
     0.207247       1.07541     0.0366008   1.63607e-17
      0.20761        1.0803     0.0420586   1.80519e-17
     0.207972      0.990612     0.0413287   5.68899e-18
     0.208335       1.05598     0.0495973  -1.78955e-17
     0.208698       1.11403      0.056941  -3.21686e-17
     0.209061       1.12537     0.0611257  -4.05241e-17
     0.209424       1.13671     0.0653104  -4.88796e-17
     0.209787      0.979629     0.0559342  -3.48788e-17
      0.21015      0.777293     0.0429139  -1.48705e-17
     0.210513      0.893871     0.0544135  -9.32982e-18
     0.210876       1.03169     0.0675464  -4.75283e-18
     0.211239       1.16951     0.0806793  -1.75844e-19
     0.211602      0.979879     0.0667245  -1.75103e-18
     0.211965      0.755377     0.0499659  -3.95491e-18
     0.212328      0.530875     0.0332073  -6.15879e-18
     0.212691      0.619253     0.0426077  -3.45593e-18
     0.213054      0.754908     0.0559326             0
     0.213417      0.645361     0.0478161             0
      0.21378      0.535814     0.0396995             0
     0.214143      0.426267      0.031583             0
     0.214506       0.26442     0.0190691   1.28994e-18
     0.214869      0.227497     0.0176977   1.83063e-17
     0.215232      0.107204    0.00833971   8.62651e-18
